`WAIT X#(11)==ON DT=0 CT=0 N1` 
`WAIT X#(12)==ON DT=0 CT=0 N2` 
`WAIT X#(16)==ON DT=0 CT=0 N6` 

------

<!--拿一号杯子-->

```
MOVJ VJ=70.0 PL=2 ACC=0.0 DEC=0 TOOL=0 BASE=0 USE=0 COUNT=0 J1=35.5833600000 J2=112.9569600000 J3=-24.6720000000 J4=1.5946229508 J5=87.3553796721 J6=37.9051200000 J7=0.0000000000 J8=0.0000000000 Nx=0.9991292386 Ny=-0.0415001118 Nz=-0.0043017842 Ox=-0.0416164938 Oy=-0.9986241810 Oz=-0.0319031753 Ax=-0.0029718803 Ay=0.0320544204 Az=-0.9994817067 Px=141.4557605952 Py=103.8934426495 Pz=178.1555522682 E=0.00000 N7 

MOVJ VJ=70.0 PL=2 ACC=0.0 DEC=0 TOOL=0 BASE=0 USE=0 COUNT=0 J1=31.1213047180 J2=85.8494318917 J3=-26.2056311510 J4=2.1850186620 J5=55.9538493945 J6=-23.8472574959 J7=0.0000000000 J8=0.0000000000 Nx=0.5891529901 Ny=0.8048213227 Nz=0.0718428344 Ox=0.8070784463 Oy=-0.5904291931 Oz=-0.0042130260 Ax=0.0390273736 Ay=0.0604649200 Az=-0.9974070671 Px=234.8944291204 Py=144.7133627369 Pz=71.1968420282 E=0.00000 N8 

MOVJ VJ=70.0 PL=2 ACC=0.0 DEC=0 TOOL=0 BASE=0 USE=0 COUNT=0 J1=54.8269675092 J2=71.4463158129 J3=-14.3273771486 J4=-0.0770924649 J5=53.1490262533 J6=42.3916141063 J7=0.0000000000 J8=0.0000000000 Nx=0.9753146697 Ny=0.2146354096 Nz=0.0518935058 Ox=0.2170248519 Oy=-0.9750891143 Oz=-0.0458413879 Ax=0.0407616076 Ay=0.0559719585 Az=-0.9975999355 Px=193.0941531908 Py=273.8553921197 Pz=48.0169407183 E=0.00000 N9 

MOVJ VJ=70.0 PL=2 ACC=0.0 DEC=0 TOOL=0 BASE=0 USE=0 COUNT=0 J1=53.2039506342 J2=47.6279778077 J3=23.2697797969 J4=1.4910007079 J5=71.0836233946 J6=40.9870569474 J7=0.0000000000 J8=0.0000000000 Nx=0.9789107737 Ny=0.2034348673 Nz=-0.0186534705 Ox=0.2031441009 Oy=-0.9790120990 Oz=-0.0163641138 Ax=-0.0215910046 Ay=0.0122296648 Az=-0.9996920845 Px=264.3007401039 Py=356.5748489683 Pz=52.1452794414 E=0.00000 N10 

MOVL VL=200.0 PL=2 ACC=0.0 DEC=0 TOOL=0 BASE=0 USE=0 COUNT=0 J1=53.2039506370 J2=44.5141722678 J3=18.8952662944 J4=1.5747465202 J5=63.5979744944 J6=40.7701398334 J7=0.0000000000 J8=0.0000000000 Nx=0.9789107737 Ny=0.2034348673 Nz=-0.0186534704 Ox=0.2031441009 Oy=-0.9790120990 Oz=-0.0163641139 Ax=-0.0215910045 Ay=0.0122296649 Az=-0.9996920845 Px=264.3007400235 Py=356.5748488933 Pz=9.7830806278 E=0.00000 N11 
```

`TIME T=1000 N12` 
`DOUT Y#(1)=ON N13` 
`TIME T=1000 N14` 

------

<!--放一号杯子-->

```
MOVL VL=300.0 PL=2 ACC=0.0 DEC=0 TOOL=0 BASE=0 USE=0 COUNT=0 J1=52.9457744103 J2=47.5176536016 J3=27.7548138908 J4=1.4562633297 J5=75.4632347748 J6=40.8466681800 J7=0.0000000000 J8=0.0000000000 Nx=0.9789107737 Ny=0.2034348673 Nz=-0.0186534704 Ox=0.2031441009 Oy=-0.9790120990 Oz=-0.0163641139 Ax=-0.0215910045 Ay=0.0122296649 Az=-0.9996920845 Px=268.5024806670 Py=358.8188887401 Pz=71.3511265778 E=0.00000 N15 

MOVJ VJ=70.0 PL=2 ACC=0.0 DEC=0 TOOL=0 BASE=0 USE=0 COUNT=0 J1=38.9757186396 J2=99.3966259943 J3=-27.5438502452 J4=-1.8385067948 J5=67.9005062358 J6=7.0799489991 J7=0.0000000000 J8=0.0000000000 Nx=0.8405129881 Ny=0.5369893262 Nz=0.0719748591 Ox=0.5369327079 Oy=-0.8433438389 Oz=0.0217815646 Ax=0.0723960217 Ay=0.0203379680 Az=-0.9971685831 Px=182.4700369167 Py=144.6317721824 Pz=121.0104752569 E=0.00000 N16 

MOVJ VJ=70.0 PL=2 ACC=0.0 DEC=0 TOOL=0 BASE=0 USE=0 COUNT=0 J1=52.4926898654 J2=112.4066284944 J3=-37.0083604749 J4=0.0563136732 J5=69.2816662436 J6=81.6811147768 J7=0.0000000000 J8=0.0000000000 Nx=0.8724093722 Ny=-0.4885615202 Nz=0.0144750896 Ox=-0.4845483665 Oy=-0.8683709875 Oz=-0.1055685021 Ax=0.0641464557 Ay=0.0850850696 Az=-0.9943066746 Px=110.8550704161 Py=144.5495060494 Pz=120.9643308554 E=0.00000 N17 

MOVL VL=200.0 PL=2 ACC=0.0 DEC=0 TOOL=0 BASE=0 USE=0 COUNT=0 J1=42.9750421554 J2=68.2177130130 J3=-0.3824289412 J4=0.8333876602 J5=65.5859752299 J6=75.6741811237 J7=0.0000000000 J8=0.0000000000 Nx=0.8384306048 Ny=-0.5449980726 Nz=-0.0033498906 Ox=-0.5446517087 Oy=-0.8376437705 Oz=-0.0413210589 Ax=0.0197138824 Ay=0.0364693641 Az=-0.9991403046 Px=266.1852859029 Py=249.4261063162 Pz=88.0658759865 E=0.00000 N18 

MOVL VL=200.0 PL=3 ACC=0.0 DEC=0 TOOL=0 BASE=0 USE=0 COUNT=0 J1=42.9750421556 J2=66.7680208858 J3=-3.0815675508 J4=0.8640247049 J5=61.4375991002 J6=75.6055353205 J7=0.0000000000 J8=0.0000000000 Nx=0.8384306048 Ny=-0.5449980726 Nz=-0.0033498907 Ox=-0.5446517087 Oy=-0.8376437705 Oz=-0.0413210589 Ax=0.0197138824 Ay=0.0364693641 Az=-0.9991403046 Px=266.1852859010 Py=249.4261063171 Pz=67.6413948239 E=0.00000 N19 
```

`TIME T=1000 N20` 
`DOUT Y#(1)=OFF N21` 
`TIME T=1000 N22` 

------

<!--拿一号漏斗-->

```
MOVL VL=300.0 PL=2 ACC=0.0 DEC=0 TOOL=0 BASE=0 USE=0 COUNT=0 J1=42.9750421553 J2=69.6565103312 J3=3.7493608978 J4=0.8018438912 J5=71.1559963161 J6=75.7596583494 J7=0.0000000000 J8=0.0000000000 Nx=0.8384306048 Ny=-0.5449980726 Nz=-0.0033498906 Ox=-0.5446517087 Oy=-0.8376437705 Oz=-0.0413210589 Ax=0.0197138824 Ay=0.0364693641 Az=-0.9991403046 Px=266.1852859034 Py=249.4261063161 Pz=115.0554245137 E=0.00000 N23 

MOVL VL=200.0 PL=2 ACC=0.0 DEC=0 TOOL=0 BASE=0 USE=0 COUNT=0 J1=80.1301661615 J2=104.4582245910 J3=-35.2509139232 J4=-1.5783488926 J5=66.4401170166 J6=105.4721939829 J7=0.0000000000 J8=0.0000000000 Nx=0.9079731797 Ny=-0.4188571259 Nz=0.0119755162 Ox=-0.4177133076 Oy=-0.9070164607 Oz=-0.0532609855 Ax=0.0331707336 Ay=0.0433572139 Az=-0.9985088154 Px=37.2332456480 Py=202.4393946994 Pz=104.4578199219 E=0.00000 N24 

MOVJ VJ=70.0 PL=2 ACC=0.0 DEC=0 TOOL=0 BASE=0 USE=0 COUNT=0 J1=69.3017997701 J2=83.5072247451 J3=-36.8130234040 J4=2.0698320365 J5=41.9899629247 J6=41.0887184463 J7=0.0000000000 J8=0.0000000000 Nx=0.8929806770 Ny=0.4479123541 Nz=0.0442722662 Ox=0.4500482147 Oy=-0.8899761807 Oz=-0.0734779030 Ax=0.0064896019 Ay=0.0855390020 Az=-0.9963136877 Px=89.1360350935 Py=241.2805896983 Pz=19.9824298406 E=0.00000 N25 

MOVL VL=200.0 PL=2 ACC=0.0 DEC=0 TOOL=0 BASE=0 USE=0 COUNT=0 J1=65.0959263026 J2=68.3584563783 J3=-19.9443086082 J4=6.0750003809 J5=45.6030323102 J6=30.1266806829 J7=0.0000000000 J8=0.0000000000 Nx=0.8587537197 Ny=0.5123885512 Nz=0.0001469350 Ox=0.5102457421 Oy=-0.8551361423 Oz=-0.0916049166 Ax=-0.0468116611 Ay=0.0787410359 Az=-0.9957954196 Px=131.8990743020 Py=298.1955320452 Pz=9.6287331029 E=0.00000 N26 

MOVL VL=300.0 PL=2 ACC=0.0 DEC=0 TOOL=0 BASE=0 USE=0 COUNT=0 J1=68.3045912221 J2=61.5081990253 J3=-12.8200804165 J4=1.5646673164 J5=44.0793649588 J6=39.8116750130 J7=0.0000000000 J8=0.0000000000 Nx=0.8874197067 Ny=0.4584105526 Nz=0.0484358282 Ox=0.4608030277 Oy=-0.8849643644 Oz=-0.0670719271 Ax=0.0121175027 Ay=0.0818403261 Az=-0.9965717873 Px=130.6417318118 Py=332.3983518536 Pz=-2.5834390185 E=0.00000 N27 
```

`TIME T=1000 N28` 
`DOUT Y#(1)=ON N29` 
`TIME T=1000 N30` 

------

<!--放一号漏斗-->

```
MOVJ VJ=70.0 PL=2 ACC=0.0 DEC=0 TOOL=0 BASE=0 USE=0 COUNT=0 J1=68.3045912218 J2=70.9430218448 J3=-2.5521506930 J4=1.2132880044 J5=63.7765324359 J6=40.3996469762 J7=0.0000000000 J8=0.0000000000 Nx=0.8874197067 Ny=0.4584105526 Nz=0.0484358282 Ox=0.4608030277 Oy=-0.8849643644 Oz=-0.0670719271 Ax=0.0121175027 Ay=0.0818403261 Az=-0.9965717873 Px=130.6417318135 Py=332.3983518526 Pz=95.0116910337 E=0.00000 N31 

MOVJ VJ=70.0 PL=2 ACC=0.0 DEC=0 TOOL=0 BASE=0 USE=0 COUNT=0 J1=38.9145159563 J2=113.8064310837 J3=-10.6147040068 J4=2.5904335645 J5=102.8603138494 J6=12.1813226559 J7=0.0000000000 J8=0.0000000000 Nx=0.8884399581 Ny=0.4589801536 Nz=-0.0034145789 Ox=0.4583983031 Oy=-0.8876431010 Oz=-0.0442800299 Ax=-0.0233545824 Ay=0.0377749107 Az=-0.9990133230 Px=120.7035003653 Py=101.8913600806 Pz=243.1301622531 E=0.00000 N32 

MOVJ VJ=70.0 PL=2 ACC=0.0 DEC=0 TOOL=0 BASE=0 USE=0 COUNT=0 J1=22.5564758694 J2=75.2683149310 J3=17.3648243641 J4=2.4069345541 J5=91.8954725403 J6=23.2222842020 J7=0.0000000000 J8=0.0000000000 Nx=0.9999404398 Ny=-0.0098580074 Nz=-0.0046836474 Ox=-0.0100531155 Oy=-0.9989966870 Oz=-0.0436411977 Ax=-0.0042487330 Ay=0.0436856837 Az=-0.9990362903 Px=313.3736851934 Py=133.7335269985 Pz=209.9469481912 E=0.00000 N33 

MOVL VL=200.0 PL=2 ACC=0.0 DEC=0 TOOL=0 BASE=0 USE=0 COUNT=0 J1=22.5564758690 J2=75.7135370322 J3=12.8874234136 J4=2.4072859550 J5=87.8668486496 J6=23.0529686530 J7=0.0000000000 J8=0.0000000000 Nx=0.9999404398 Ny=-0.0098580074 Nz=-0.0046836474 Ox=-0.0100531155 Oy=-0.9989966870 Oz=-0.0436411977 Ax=-0.0042487330 Ay=0.0436856837 Az=-0.9990362903 Px=313.3736851965 Py=133.7335269969 Pz=192.1794454991 E=0.00000 N34 
```

`TIME T=1000 N35` 
`DOUT Y#(1)=OFF N36` 
`TIME T=1000 N37` 

------

 <!--升起杯子漏斗-->

`DOUT Y#(4)=ON N38` 
`TIME T=1000 N39` 
`WAIT X#(22)==ON DT=0 CT=0 N40` 
`DOUT Y#(3)=ON N41` 
`TIME T=2000 N42` 
`DOUT Y#(3)=OFF N43` 
`DOUT Y#(4)=OFF N44` 

------

<!--拿杯子二号-->

```
MOVJ VJ=70.0 PL=2 ACC=0.0 DEC=0 TOOL=0 BASE=0 USE=0 COUNT=0 J1=22.3224533475 J2=79.6618165393 J3=4.9209570412 J4=2.2936483254 J5=83.9307536814 J6=22.6697325392 J7=0.0000000000 J8=0.0000000000 Nx=0.9999381688 Ny=-0.0099660044 Nz=-0.0049332918 Ox=-0.0101605346 Oy=-0.9991026523 Oz=-0.0411175602  Ax=-0.0045190871 Ay=0.0411651428 Az=-0.9991421365 Px=298.3085574150 Py=125.8589630543 Pz=177.6887702872 E=0.00000 N45 

MOVJ VJ=70.0 PL=2 ACC=0.0 DEC=0 TOOL=0 BASE=0 USE=0 COUNT=0 J1=20.3490814538 J2=85.0971238346 J3=-0.9386054351 J4=2.3335364798 J5=83.5767663411 J6=19.5031425949 J7=0.0000000000 J8=0.0000000000 Nx=0.9999367505 Ny=0.0104966401 Nz=-0.0040392549 Ox=0.0103198820 Oy=-0.9990835399 Oz=-0.0415401055 Ax=-0.0044715846 Ay=0.0414957934 Az=-0.9991286724 Px=279.4409837356 Py=107.0281862629 Pz=179.0253389212 E=0.00000 N46 

MOVJ VJ=70.0 PL=2 ACC=0.0 DEC=0 TOOL=0 BASE=0 USE=0 COUNT=0 J1=40.9786874286 J2=118.2347284480 J3=-25.1521430141 J4=1.9788070962 J5=91.6968707921 J6=39.0127367826 J7=0.0000000000 J8=0.0000000000 Nx=0.9993545567 Ny=0.0358057964 Nz=-0.0029008622 Ox=0.0356524826 Oy=-0.9984802386 Oz=-0.0420251535 Ax=-0.0044011977 Ay=0.0418946057 Az=-0.9991123418 Px=113.1069269478 Py=101.8373441027 Pz=189.5794741691 E=0.00000 N47 

MOVL VL=300.0 PL=2 ACC=0.0 DEC=0 TOOL=0 BASE=0 USE=0 COUNT=0 J1=53.1340707981 J2=48.2003787549 J3=27.2406656748 J4=1.4545092714 J5=75.9051840541 J6=41.0372339074 J7=0.0000000000 J8=0.0000000000 Nx=0.9788187410 Ny=0.2035108951 Nz=-0.0222977106 Ox=0.2032564300 Oy=-0.9790370570 Oz=-0.0131630065 Ax=-0.0245091002 Ay=0.0083520444 Az=-0.9996647175 Px=265.7910080005 Py=357.6604439089 Pz=74.1906856363 E=0.00000 N48 

MOVL VL=200.0 PL=2 ACC=0.0 DEC=0 TOOL=0 BASE=0 USE=0 COUNT=0 J1=53.1340707984 J2=43.3564547875 J3=19.1559406004 J4=1.5835866808 J5=62.9810319946 J6=40.6719723647 J7=0.0000000000 J8=0.0000000000 Nx=0.9788187410 Ny=0.2035108951 Nz=-0.0222977106 Ox=0.2032564300 Oy=-0.9790370570 Oz=-0.0131630065 Ax=-0.0245091002 Ay=0.0083520444 Az=-0.9996647175 Px=265.7910079976 Py=357.6604439101 Pz=2.1984724342 E=0.00000 N49 
```

`TIME T=1000 N50` 
`DOUT Y#(1)=ON N51` 
`TIME T=1000 N52` 

------

<!--放杯子二号-->

```
MOVJ VJ=70.0 PL=2 ACC=0.0 DEC=0 TOOL=0 BASE=0 USE=0 COUNT=0 J1=53.1340707982 J2=47.7041085498 J3=25.6473653856 J4=1.4689323167 J5=73.8162933583 J6=40.9820175066 J7=0.0000000000 J8=0.0000000000 Nx=0.9788187410 Ny=0.2035108951 Nz=-0.0222977106 Ox=0.2032564300 Oy=-0.9790370570 Oz=-0.0131630065 Ax=-0.0245091002 Ay=0.0083520444 Az=-0.9996647175 Px=265.7910080001 Py=357.6604439090 Pz=63.3049826707 E=0.00000 N53 

MOVJ VJ=70.0 PL=2 ACC=0.0 DEC=0 TOOL=0 BASE=0 USE=0 COUNT=0 J1=73.1385723886 J2=112.4170403638 J3=-39.6627664793 J4=0.9107625645 J5=71.2417092469 J6=65.3378731356 J7=0.0000000000 J8=0.0000000000 Nx=0.9913916442 Ny=0.1308998868 Nz=-0.0027977750 Ox=0.1307563365 Oy=-0.9909517894 Oz=-0.0302874814 Ax=-0.0067370880 Ay=0.0296609292 Az=-0.9995373134 Px=49.2372310554 Py=166.5252133256 Pz=108.6825762669 E=0.00000 N54 

MOVJ VJ=70.0 PL=2 ACC=0.0 DEC=0 TOOL=0 BASE=0 USE=0 COUNT=0 J1=73.1385723886 J2=112.4170403638 J3=-39.6627664793 J4=0.9107625645 J5=67.0492103098 J6=113.1044432203 J7=0.0000000000 J8=0.0000000000 Nx=0.7632965408 Ny=-0.6438745103 Nz=-0.0529528643 Ox=-0.6458779086 Oy=-0.7586453374 Oz=-0.0854340635 Ax=0.0148363722 Ay=0.0994126104 Az=-0.9949356838 Px=50.9307476855 Py=172.0007202996 Pz=109.0438041900 E=0.00000 N55 

MOVL VL=300.0 PL=2 ACC=0.0 DEC=0 TOOL=0 BASE=0 USE=0 COUNT=0 J1=17.1987914886 J2=83.6745523171 J3=-16.9761782709 J4=1.3001175399 J5=66.0837334511 J6=48.0576650597 J7=0.0000000000 J8=0.0000000000 Nx=0.8537540143 Ny=-0.5206088915 Nz=-0.0083943500 Ox=-0.5206595938 Oy=-0.8534850744 Oz=-0.0218360958 Ax=0.0042036132 Ay=0.0230132533 Az=-0.9997263225 Px=279.5865425452 Py=88.2444309941 Pz=100.0509063899 E=0.00000 N56 

MOVL VL=200.0 PL=2 ACC=0.0 DEC=0 TOOL=0 BASE=0 USE=0 COUNT=0 J1=17.1987914888 J2=81.9019810613 J3=-20.2435988744 J4=1.3582811080 J5=61.0450953696 J6=47.9271429308 J7=0.0000000000 J8=0.0000000000 Nx=0.8537540143 Ny=-0.5206088915 Nz=-0.0083943500 Ox=-0.5206595938 Oy=-0.8534850744 Oz=-0.0218360958 Ax=0.0042036132 Ay=0.0230132533 Az=-0.9997263225 Px=279.5865425437 Py=88.2444309946 Pz=77.5030352411 E=0.00000 N57 
```

`TIME T=1000 N58` 
`DOUT Y#(1)=OFF N59` 
`TIME T=1000 N60` 

------

<!--拿漏斗二号-->

```
MOVL VL=150.0 PL=2 ACC=0.0 DEC=0 TOOL=0 BASE=0 USE=0 COUNT=0 J1=17.1987914884 J2=85.4546349786 J3=-11.5688081075 J4=1.2410122246 J5=73.2694246997 J6=48.2275063532 J7=0.0000000000 J8=0.0000000000 Nx=0.8537540143 Ny=-0.5206088915 Nz=-0.0083943500 Ox=-0.5206595938 Oy=-0.8534850744 Oz=-0.0218360958 Ax=0.0042036132 Ay=0.0230132533 Az=-0.9997263225 Px=279.5865425478 Py=88.2444309933 Pz=132.5579200233 E=0.00000 N61 

MOVJ VJ=70.0 PL=2 ACC=0.0 DEC=0 TOOL=0 BASE=0 USE=0 COUNT=0 J1=67.4780114933 J2=115.3283170976 J3=-39.5775382409 J4=-1.4702217914 J5=74.0623798246 J6=108.0955046879 J7=0.0000000000 J8=0.0000000000 Nx=0.7631585684 Ny=-0.6460482573 Nz=0.0145137411 Ox=-0.6453106513 Oy=-0.7630880877 Oz=-0.0356473511 Ax=0.0341051720 Ay=0.0178387098 Az=-0.9992590343 Px=64.7007566644 Py=150.9759294645 Pz=116.7991107937 E=0.00000 N62 

MOVJ VJ=70.0 PL=2 ACC=0.0 DEC=0 TOOL=0 BASE=0 USE=0 COUNT=0 J1=67.4780114933 J2=115.3283170976 J3=-39.5775382409 J4=1.7075598850 J5=70.0856076725 J6=38.5411924141 J7=0.0000000000 J8=0.0000000000 Nx=0.8790065078 Ny=0.4731328001 Nz=0.0591008681 Ox=0.4766594654 Oy=-0.8750650443 Oz=-0.0840054902 Ax=0.0119713509 Ay=0.1020123608 Az=-0.9947110963 Px=62.9632517085 Py=157.5835610698 Pz=117.1561239325 E=0.00000 N63 

MOVJ VJ=70.0 PL=2 ACC=0.0 DEC=0 TOOL=0 BASE=0 USE=0 COUNT=0 J1=66.6924508805 J2=81.6373327764 J3=-38.7500929544 J4=2.7798401272 J5=37.2688615223 J6=36.1280758000 J7=0.0000000000 J8=0.0000000000 Nx=0.8790065078 Ny=0.4731328001 Nz=0.0591008681 Ox=0.4766594654 Oy=-0.8750650443 Oz=-0.0840054902 Ax=0.0119713509 Ay=0.1020123608 Az=-0.9947110963 Px=99.0952558783 Py=235.8398679013 Pz=5.6640563687 E=0.00000 N64 

MOVL VL=200.0 PL=2 ACC=0.0 DEC=0 TOOL=0 BASE=0 USE=0 COUNT=0 J1=66.9927920460 J2=62.3907399119 J3=-13.9821855773 J4=2.0050914049 J5=44.1393610806 J6=36.5878705225 J7=0.0000000000 J8=0.0000000000 Nx=0.8743187725 Ny=0.4833615882 Nz=0.0439119477 Ox=0.4853047883 Oy=-0.8719116364 Oz=-0.0651871212 Ax=0.0067783877 Ay=0.0783050023 Az=-0.9969064049 Px=135.9773093639 Py=325.1242761428 Pz=-1.7580482351 E=0.00000 N65 
```

`TIME T=1000 N66` 
`DOUT Y#(1)=ON N67` 
`TIME T=1000 N68` 

------

<!--放漏斗二号-->

```
MOVL VL=200.0 PL=2 ACC=0.0 DEC=0 TOOL=0 BASE=0 USE=0 COUNT=0 J1=66.9927920454 J2=71.5253927517 J3=-4.4864310414 J4=1.5703966437 J5=62.7609907048 J6=37.3081872264 J7=0.0000000000 J8=0.0000000000 Nx=0.8743187725 Ny=0.4833615882 Nz=0.0439119477 Ox=0.4853047883 Oy=-0.8719116364 Oz=-0.0651871212 Ax=0.0067783877 Ay=0.0783050023 Az=-0.9969064049 Px=135.9773093683 Py=325.1242761430 Pz=89.9354722369 E=0.00000 N69 

MOVJ VJ=70.0 PL=2 ACC=0.0 DEC=0 TOOL=0 BASE=0 USE=0 COUNT=0 J1=38.3714803862 J2=118.1686429822 J3=-41.6668336760 J4=-1.2587990950 J5=68.6740078903 J6=69.0453472914 J7=0.0000000000 J8=0.0000000000 Nx=0.8593074136 Ny=-0.5068345255 Nz=0.0686260346 Ox=-0.4972977995 Oy=-0.8593147984 Oz=-0.1194695607 Ax=0.1195226651 Ay=0.0685335032 Az=-0.9904632711 Px=127.7008106475 Py=99.0619405427 Pz=115.0763586383 E=0.00000 N70 

MOVJ VJ=70.0 PL=2 ACC=0.0 DEC=0 TOOL=0 BASE=0 USE=0 COUNT=0 J1=38.3714803857 J2=117.4824274833 J3=-21.4133874024 J4=-1.1731474913 J5=88.2369227321 J6=68.6235899044 J7=0.0000000000 J8=0.0000000000 Nx=0.8593074136 Ny=-0.5068345255 Nz=0.0686260346 Ox=-0.4972977995 Oy=-0.8593147984 Oz=-0.1194695607 Ax=0.1195226651 Ay=0.0685335032 Az=-0.9904632711 Px=127.7008106516 Py=99.0619405450 Pz=205.2570983576 E=0.00000 N71 

MOVJ VJ=70.0 PL=2 ACC=0.0 DEC=0 TOOL=0 BASE=0 USE=0 COUNT=0 J1=17.6039143982 J2=89.8545731141 J3=0.6554668298 J4=-1.7393021177 J5=86.6856828251 J6=48.2452610800 J7=0.0000000000 J8=0.0000000000 Nx=0.8583116547 Ny=-0.5087303774 Nz=0.0670410811 Ox=-0.5079475856 Oy=-0.8608818226 Oz=-0.0295252082 Ax=0.0727348184 Ay=-0.0087115250 Az=-0.9973132685 Px=268.2385152927 Py=82.6149373222 Pz=209.0235376619 E=0.00000 N72 

MOVL VL=300.0 PL=2 ACC=0.0 DEC=0 TOOL=0 BASE=0 USE=0 COUNT=0 J1=17.6039143980 J2=90.1651979049 J3=-4.9065700623 J4=-1.7559737185 J5=81.4367099519 J6=48.4062228909 J7=0.0000000000 J8=0.0000000000 Nx=0.8583116547 Ny=-0.5087303774 Nz=0.0670410811 Ox=-0.5079475856 Oy=-0.8608818226 Oz=-0.0295252082 Ax=0.0727348184 Ay=-0.0087115250 Az=-0.9973132685 Px=268.2385152939 Py=82.6149373218 Pz=185.1331604705 E=0.00000 N73 
```

`TIME T=1000 N74` 
`DOUT Y#(1)=OFF N75` 
`TIME T=1000 N76` 

------



```
MOVL VL=150.0 PL=2 ACC=0.0 DEC=0 TOOL=0 BASE=0 USE=0 COUNT=0 J1=32.9940049931 J2=117.7586191686 J3=-25.9167723138 J4=-2.6897729410 J5=88.6146046097 J6=63.5820445157 J7=0.0000000000 J8=0.0000000000 Nx=0.8583116546 Ny=-0.5087303774 Nz=0.0670410811 Ox=-0.5079475856 Oy=-0.8608818225 Oz=-0.0295252082 Ax=0.0727348184 Ay=-0.0087115250 Az=-0.9973132685 Px=134.0079618263 Py=82.6149373224 Pz=185.1331604685 E=0.00000 N77 

MOVL VL=150.0 PL=2 ACC=0.0 DEC=0 TOOL=0 BASE=0 USE=0 COUNT=0 J1=52.4092624984 J2=127.6031664606 J3=-32.5926038797 J4=-3.6135498119 J5=92.8534399194 J6=82.7601064591 J7=0.0000000000 J8=0.0000000000 Nx=0.8583116547 Ny=-0.5087303774 Nz=0.0670410811 Ox=-0.5079475856 Oy=-0.8608818226 Oz=-0.0295252082 Ax=0.0727348184 Ay=-0.0087115250 Az=-0.9973132685 Px=74.7476506468 Py=88.9937590957 Pz=175.3101553931 E=0.00000 N78

MOVL VL=300.0 PL=2 ACC=0.0 DEC=0 TOOL=0 BASE=0 USE=0 COUNT=0 J1=53.6497745308 J2=73.9349631386 J3=-11.1512151256 J4=1.3953784124 J5=61.0932628876 J6=36.8466620465 J7=0.0000000000 J8=0.0000000000 Nx=0.9605512406 Ny=0.2779040533 Nz=0.0105190929 Ox=0.2781027954 Oy=-0.9599154993 Oz=-0.0349438033 Ax=0.0003864158 Ay=0.0364907027 Az=-0.9993339178 Px=195.3892661784 Py=268.3254412201 Pz=74.7199361774 E=0.00000 N79 
```

------



`DOUT Y#(5)=ON N80` 
`TIME T=1000 N81` 
`WAIT X#(22)==ON DT=0 CT=0 N82` 
`TIME T=1000 N83` 
`DOUT Y#(3)=ON N84` 
`TIME T=2000 N85` 
`DOUT Y#(3)=OFF N86` 
`DOUT Y#(5)=OFF N87` 

------

<!--拿杯子三号-->

```
MOVJ VJ=70.0 PL=2 ACC=0.0 DEC=0 TOOL=0 BASE=0 USE=0 COUNT=0 J1=53.3019691481 J2=47.4853837955 J3=26.0449784126 J4=1.4718522850 J5=73.8554112056 J6=41.1853535628 J7=0.0000000000 J8=0.0000000000 Nx=0.9789734122 Ny=0.2029495443 Nz=-0.0205557964 Ox=0.2026735353 Oy=-0.9791353610 Oz=-0.0147439147 Ax=-0.0231191779 Ay=0.0102677846 Az=-0.9996799869 Px=265.3843281038 Py=359.3069399041 Pz=63.4347919335 E=0.00000 N88 

MOVL VL=300.0 PL=0 ACC=0.0 DEC=0 TOOL=0 BASE=0 USE=0 COUNT=0 J1=53.3019691482 J2=42.9228098299 J3=19.3239642536 J4=1.5928344569 J5=62.5758259535 J6=40.8609356393 J7=0.0000000000 J8=0.0000000000 Nx=0.9789734122 Ny=0.2029495443 Nz=-0.0205557964 Ox=0.2026735353 Oy=-0.9791353610 Oz=-0.0147439147 Ax=-0.0231191779 Ay=0.0102677846 Az=-0.9996799869 Px=265.3843281027 Py=359.3069399046 Pz=-0.3603379059 E=0.00000 N89 
```

`TIME T=1000 N90` 
`DOUT Y#(1)=ON N91` 
`TIME T=1000 N92` 

------

<!--放杯子三号-->

```
MOVL VL=300.0 PL=0 ACC=0.0 DEC=0 TOOL=0 BASE=0 USE=0 COUNT=0 J1=53.3019691480 J2=48.1428366176 J3=28.3229270074 J4=1.4522310666 J5=76.7898574568 J6=41.2627673547 J7=0.0000000000 J8=0.0000000000 Nx=0.9789734122 Ny=0.2029495443 Nz=-0.0205557964 Ox=0.2026735353 Oy=-0.9791353610 Oz=-0.0147439147 Ax=-0.0231191779 Ay=0.0102677846 Az=-0.9996799869 Px=265.3843281049 Py=359.3069399036 Pz=78.6347919839 E=0.00000 N93 

MOVJ VJ=70.0 PL=0 ACC=0.0 DEC=0 TOOL=0 BASE=0 USE=0 COUNT=0 J1=53.4985690332 J2=49.0606128521 J3=29.5719972229 J4=1.4416114877 J5=78.9511665322 J6=41.5150253526 J7=0.0000000000 J8=0.0000000000 Nx=0.9789734121 Ny=0.2029495447 Nz=-0.0205557963 Ox=0.2026735357 Oy=-0.9791353609 Oz=-0.0147439149 Ax=-0.0231191778 Ay=0.0102677847 Az=-0.9996799869 Px=263.0061328873 Py=358.6723542020 Pz=91.1937006643 E=0.00000 N94 

MOVJ VJ=70.0 PL=2 ACC=0.0 DEC=0 TOOL=0 BASE=0 USE=0 COUNT=0 J1=56.1532152802 J2=113.3190724888 J3=-35.8262554923 J4=1.1916640649 J5=75.9913854280 J6=39.7268233855 J7=0.0000000000 J8=0.0000000000 Nx=0.9605295204 Ny=0.2780865268 Nz=0.0071361144 Ox=0.2781698442 Oy=-0.9599876915 Oz=-0.0323290896 Ax=-0.0021397023 Ay=0.0330380968 Az=-0.9994518027 Px=95.2542841458 Py=144.8820745305 Pz=128.4054453072 E=0.00000 N95 

MOVJ VJ=70.0 PL=2 ACC=0.0 DEC=0 TOOL=0 BASE=0 USE=0 COUNT=0 J1=56.1532152802 J2=113.3190724888 J3=-35.8262554923 J4=0.7349838156 J5=73.2964103580 J6=83.5237343162 J7=0.0000000000 J8=0.0000000000 Nx=0.8866234194 Ny=-0.4624730668 Nz=-0.0041922131 Ox=-0.4614811553 Oy=-0.8840501071 Oz=-0.0740982551 Ax=0.0305623209 Ay=0.0676318757 Az=-0.9972421341 Px=97.8213929667 Py=147.5976861723 Pz=128.5789042924 E=0.00000 N96 

MOVL VL=150.0 PL=2 ACC=0.0 DEC=0 TOOL=0 BASE=0 USE=0 COUNT=0 J1=-14.2058365703 J2=108.1746264963 J3=-34.7165674198 J4=0.3095890691 J5=70.9430209331 J6=19.8862892353 J7=0.0000000000 J8=0.0000000000 Nx=0.8263448020 Ny=-0.5617776415 Nz=0.0394987309 Ox=-0.5614589060 Oy=-0.8272678064 Oz=-0.0197957915 Ax=0.0437968615 Ay=-0.0058187648 Az=-0.9990235117 Px=187.8792419600 Py=-47.1475606847 Pz=118.5441613861 E=0.00000 N97 

MOVJ VJ=70.0 PL=2 ACC=0.0 DEC=0 TOOL=0 BASE=0 USE=0 COUNT=0 J1=-15.0813419413 J2=84.0325189556 J3=-17.7204627889 J4=0.6868517885 J5=63.2870127555 J6=14.6308027801 J7=0.0000000000 J8=0.0000000000 Nx=0.8646860624 Ny=-0.4999890067 Nz=0.0482597827 Ox=-0.4994269170 Oy=-0.8660250833 Oz=-0.0239438878 Ax=0.0537658630 Ay=-0.0033982885 Az=-0.9985477873 Px=284.3952312610 Py=-75.7658063875 Pz=98.6424289989 E=0.00000 N98 

MOVL VL=150.0 PL=0 ACC=0.0 DEC=0 TOOL=0 BASE=0 USE=0 COUNT=0 J1=-15.0813419413 J2=81.7526544922 J3=-21.6434874908 J4=0.7308693882 J5=57.0845969239 J6=14.5423995043 J7=0.0000000000 J8=0.0000000000 Nx=0.8646860624 Ny=-0.4999890067 Nz=0.0482597827 Ox=-0.4994269170 Oy=-0.8660250833 Oz=-0.0239438878 Ax=0.0537658630 Ay=-0.0033982885 Az=-0.9985477873 Px=284.3952312599 Py=-75.7658063871 Pz=71.0287507420 E=0.00000 N99 
```

`TIME T=1000 N100` 
`DOUT Y#(1)=OFF N101` 
`TIME T=1000 N102` 

------

<!--拿漏斗三号-->

```
MOVL VL=300.0 PL=2 ACC=0.0 DEC=0 TOOL=0 BASE=0 USE=0 COUNT=0 J1=-15.0495863463 J2=84.8928707604 J3=-15.1088655076 J4=0.6659050508 J5=66.7583726625 J6=14.7084998043 J7=0.0000000000 J8=0.0000000000 Nx=0.8646860626 Ny=-0.4999890065 Nz=0.0482597828 Ox=-0.4994269168 Oy=-0.8660250834 Oz=-0.0239438878 Ax=0.0537658631 Ay=-0.0033982885 Az=-0.9985477873 Px=285.0146035109 Py=-75.7658063856 Pz=114.1960668354 E=0.00000 N103 

MOVL VL=300.0 PL=2 ACC=0.0 DEC=0 TOOL=0 BASE=0 USE=0 COUNT=0 J1=-17.9166718450 J2=102.8627365119 J3=-31.8282479248 J4=1.0178676377 J5=68.0952980075 J6=13.6965007374 J7=0.0000000000 J8=0.0000000000 Nx=0.8471026748 Ny=-0.5294532083 Nz=0.0457860080 Ox=-0.5286882885 Oy=-0.8483391355 Oz=-0.0284500398 Ax=0.0539050273 Ay=-0.0001064214 Az=-0.9985460614 Px=205.1232773960 Py=-64.9591752812 Pz=114.2328740992 E=0.00000 N104 

MOVL VL=300.0 PL=2 ACC=0.0 DEC=0 TOOL=0 BASE=0 USE=0 COUNT=0 J1=-4.5996076928 J2=119.2374295166 J3=-42.2662081029 J4=-0.4375983636 J5=73.9103437933 J6=39.7897784785 J7=0.0000000000 J8=0.0000000000 Nx=0.7147384625 Ny=-0.6978915185 Nz=0.0457860080 Ox=-0.6974078158 Oy=-0.7161095822 Oz=-0.0284500398 Ax=0.0526428406 Ay=-0.0115971821 Az=-0.9985460614 Px=150.6102651965 Py=-12.6946935020 Pz=114.2328740978 E=0.00000 N105 

MOVL VL=300.0 PL=2 ACC=0.0 DEC=0 TOOL=0 BASE=0 USE=0 COUNT=0 J1=48.0331200227 J2=75.6388001509 J3=-31.8861835395 J4=0.4036582528 J5=39.4047600994 J6=0.6123742127 J7=0.0000000000 J8=0.0000000000 Nx=0.6786865349 Ny=0.7305119749 Nz=0.0757419422 Ox=0.7328983169 Oy=-0.6803144668 Oz=-0.0056818510 Ax=0.0473776788 Ay=0.0593673377 Az=-0.9971112650 Px=189.1827446266 Py=210.8781260600 Pz=3.0843486098 E=0.00000 N106 

MOVL VL=200.0 PL=2 ACC=0.0 DEC=0 TOOL=0 BASE=0 USE=0 COUNT=0 J1=55.8179770755 J2=58.5890996965 J3=-8.3718626712 J4=0.0834950491 J5=47.4814560089 J6=8.6417302518 J7=0.0000000000 J8=0.0000000000 Nx=0.6798387463 Ny=0.7318527447 Nz=0.0470195612 Ox=0.7329031533 Oy=-0.6802826098 Oz=-0.0082788044 Ax=0.0259277241 Ay=0.0400890366 Az=-0.9988596609 Px=207.8344694189 Py=306.1757069008 Pz=-3.6695696618 E=0.00000 N107 
```

`TIME T=1000 N108` 
`DOUT Y#(1)=ON N109` 
`TIME T=1000 N110` 

------

<!--放漏斗三号-->

```
MOVL VL=300.0 PL=2 ACC=0.0 DEC=0 TOOL=0 BASE=0 USE=0 COUNT=0 J1=57.9935999992 J2=71.3591504801 J3=10.0217081678 J4=-0.0385262395 J5=78.6491798903 J6=10.8849797768 J7=0.0000000000 J8=0.0000000000 Nx=0.6799190598 Ny=0.7317840877 Nz=0.0469267637 Ox=0.7328324904 Oy=-0.6803578985 Oz=-0.0083469168 Ax=0.0258188535 Ay=0.0400646849 Az=-0.9988634581 Px=192.2569542574 Py=307.5013387272 Pz=153.7024053095 E=0.00000 N111 

MOVL VL=300.0 PL=2 ACC=0.0 DEC=0 TOOL=0 BASE=0 USE=0 COUNT=0 J1=79.1903624256 J2=82.2880023200 J3=-3.3847523041 J4=0.6026530812 J5=74.4488338731 J6=104.1454684711 J7=0.0000000000 J8=0.0000000000 Nx=0.9056794748 Ny=-0.4229710896 Nz=-0.0289852754 Ox=-0.4239379597 Oy=-0.9027626949 Oz=-0.0727744666 Ax=0.0046146701 Ay=0.0781982992 Az=-0.9969271442 Px=58.4718495965 Py=310.4816107177 Pz=153.8809013122 E=0.00000 N112 

MOVJ VJ=70.0 PL=2 ACC=0.0 DEC=0 TOOL=0 BASE=0 USE=0 COUNT=0 J1=73.4769332194 J2=109.8560203678 J3=-8.7476529651 J4=-1.7489714120 J5=96.9617932970 J6=134.2173186205 J7=0.0000000000 J8=0.0000000000 Nx=0.4852970062 Ny=-0.8738682791 Nz=-0.0290008030 Ox=-0.8729423067 Oy=-0.4823684841 Oz=-0.0727487089 Ax=0.0495837157 Ay=0.0606207585 Az=-0.9969285726 Px=54.2316841498 Py=174.4506703396 Pz=240.9084626588 E=0.00000 N113 

MOVL VL=200.0 PL=2 ACC=0.0 DEC=0 TOOL=0 BASE=0 USE=0 COUNT=0 J1=9.3957623941 J2=82.3893030802 J3=18.5844334725 J4=-0.8792133261 J5=102.3896060889 J6=70.1662463351 J7=0.0000000000 J8=0.0000000000 Nx=0.4856589084 Ny=-0.8741291896 Nz=0.0057952238 Ox=-0.8738727103 Oy=-0.4853285835 Oz=0.0283311172 Ax=-0.0219524687 Ay=-0.0188235474 Az=-0.9995817941 Px=294.1746364589 Py=47.4854479247 Pz=253.2786523804 E=0.00000 N114 

MOVL VL=300.0 PL=2 ACC=0.0 DEC=0 TOOL=0 BASE=0 USE=0 COUNT=0 J1=9.4667905570 J2=85.9490800052 J3=3.1776428579 J4=-0.8570172904 J5=90.5450084457 J6=70.4177646251 J7=0.0000000000 J8=0.0000000000 Nx=0.4856589084 Ny=-0.8741291896 Nz=0.0057952238 Ox=-0.8738727103 Oy=-0.4853285835 Oz=0.0283311172 Ax=-0.0219524687 Ay=-0.0188235474 Az=-0.9995817941 Px=287.9946208984 Py=46.8318887473 Pz=201.9177050670 E=0.00000 N115 
```

`TIME T=1000 N116` 
`DOUT Y#(1)=OFF N117` 
`TIME T=1000 N118`

------

<!--注水--> 

```
MOVL VL=300.0 PL=2 ACC=0.0 DEC=0 TOOL=0 BASE=0 USE=0 COUNT=0 J1=18.7962375969 J2=101.6179288145 J3=-12.1090273518 J4=2.7216928587 J5=86.7089167696 J6=79.7540614212 J7=0.0000000000 J8=0.0000000000 Nx=0.4846716076 Ny=-0.8738682792 Nz=-0.0380481717 Ox=-0.8741474317 Oy=-0.4823684839 Oz=-0.0564527537 Ax=0.0309790319 Ay=0.0606207585 Az=-0.9976800205 Px=213.3924110470 Py=76.5601031308 Pz=199.1258859315 E=0.00000 N119 
```

`DOUT Y#(8)=ON N120` 
`TIME T=1000 N121` 

```
MOVL VL=200.0 PL=2 ACC=0.0 DEC=0 TOOL=0 BASE=0 USE=0 COUNT=0 J1=30.4190061797 J2=120.8233629951 J3=-28.7706437423 J4=1.5733816062 J5=87.8741490259 J6=91.4320390623 J7=0.0000000000 J8=0.0000000000 Nx=0.4853120609 Ny=-0.8738515562 Nz=-0.0292516870 Ox=-0.8729707808 Oy=-0.4824079675 Oz=-0.0721426975 Ax=0.0489307616 Ay=0.0605475893 Az=-0.9969652802 Px=125.1864630826 Py=76.0000268784 Pz=179.3104036413 E=0.00000 N122 
```

`WAIT X#(20)==ON DT=0 CT=0 N123` 
`DOUT Y#(8)=OFF N124` 
`TIME T=1000 N125` 
; 3漏斗完成 N126 3漏斗完成 

------

<!--拿水壶-->

```
MOVJ VJ=50.0 PL=0 ACC=0.0 DEC=0 TOOL=0 BASE=0 USE=0 COUNT=0 J1=58.1874630852 J2=125.2204940486 J3=-49.1358125641 J4=2.8425564645 J5=70.9834109254 J6=-0.5827957619 J7=0.0000000000 J8=0.0000000000 Nx=0.5301377163 Ny=0.8432264335 Nz=0.0890122672 Ox=0.8478811775 Oy=-0.5280781450 Oz=-0.0472332685 Ax=0.0071770924 Ay=0.1005119630 Az=-0.9949099631 Px=65.6302894476 Py=112.7810819719 Pz=96.0431592809 E=0.00000 N127 

MOVJ VJ=50.0 PL=0 ACC=0.0 DEC=0 TOOL=0 BASE=0 USE=0 COUNT=0 J1=76.9346524756 J2=138.0317033759 J3=-52.3702153864 J4=90.1605261889 J5=93.1472738056 J6=27.2042201163 J7=0.0000000000 J8=0.0000000000 Nx=0.1435486334 Ny=0.8402231695 Nz=-0.5228946502 Ox=-0.0960842535 Oy=-0.5140377748 Oz=-0.8523690412 Ax=-0.9849678198 Ay=0.1725983531 Az=0.0069427959 Px=-58.5947197442 Py=94.2369872693 Pz=179.6716558854 E=0.00000 N128 

MOVL VL=400.0 PL=0 ACC=0.0 DEC=0 TOOL=0 BASE=0 USE=0 COUNT=0 J1=89.6194032596 J2=93.8014529569 J3=-51.5329500926 J4=91.7232300519 J5=80.8250550732 J6=-15.4884878139 J7=0.0000000000 J8=0.0000000000 Nx=0.1671562219 Ny=0.8328994548 Nz=-0.5275768150 Ox=0.0100178376 Oy=-0.5365127176 Oz=-0.8438327718 Ax=-0.9858795263 Ay=0.1357667191 Az=-0.0980252904 Px=-76.1218746351 Py=201.7932134708 Pz=76.1478558468 E=0.00000 N129 

MOVL VL=150.0 PL=0 ACC=0.0 DEC=0 TOOL=0 BASE=0 USE=0 COUNT=0 J1=89.7319390921 J2=77.1595438548 J3=-33.1576299770 J4=91.5238775763 J5=80.6990178472 J6=-13.7352122862 J7=0.0000000000 J8=0.0000000000 Nx=0.1671562219 Ny=0.8328994548 Nz=-0.5275768150 Ox=0.0100178376 Oy=-0.5365127176 Oz=-0.8438327718 Ax=-0.9858795263 Ay=0.1357667191 Az=-0.0980252903 Px=-76.1218746383 Py=282.0366728452 Pz=76.1478558511 E=0.00000 N130 

MOVL VL=150.0 PL=0 ACC=0.0 DEC=0 TOOL=0 BASE=0 USE=0 COUNT=0 J1=89.7510752466 J2=73.2626980384 J3=-27.9710998874 J4=91.3258615999 J5=80.6535026788 J6=-12.4290037606 J7=0.0000000000 J8=0.0000000000 Nx=0.1671562219 Ny=0.8328994548 Nz=-0.5275768150 Ox=0.0100178376 Oy=-0.5365127176 Oz=-0.8438327718 Ax=-0.9858795263 Ay=0.1357667191 Az=-0.0980252904 Px=-76.1218746340 Py=302.8992966945 Pz=76.1478558450 E=0.00000 N131 
```

`TIME T=800 N132` 

```
MOVL VL=150.0 PL=0 ACC=0.0 DEC=0 TOOL=0 BASE=0 USE=0 COUNT=0 J1=89.7688366272 J2=69.1444828318 J3=-22.1684134777 J4=91.0602855954 J5=80.6056228397 J6=-10.7223902510 J7=0.0000000000 J8=0.0000000000 Nx=0.1671562219 Ny=0.8328994548 Nz=-0.5275768150 Ox=0.0100178376 Oy=-0.5365127176 Oz=-0.8438327718 Ax=-0.9858795263 Ay=0.1357667191 Az=-0.0980252904 Px=-76.1218746310 Py=325.3538817662 Pz=76.1478558404 E=0.00000 N133 
```

`TIME T=1000 N134` 
`DOUT Y#(1)=ON N135` 
`TIME T=1000 N136` 

```
MOVL VL=400.0 PL=0 ACC=0.0 DEC=0 TOOL=0 BASE=0 USE=0 COUNT=0 J1=91.7766430051 J2=71.8379189946 J3=-20.4332457635 J4=91.5824322376 J5=78.9830588258 J6=-6.2600754160 J7=0.0000000000 J8=0.0000000000 Nx=0.1671562219 Ny=0.8328994548 Nz=-0.5275768150 Ox=0.0100178377 Oy=-0.5365127176 Oz=-0.8438327718 Ax=-0.9858795263 Ay=0.1357667191 Az=-0.0980252904 Px=-87.1528561430 Py=325.3538817694 Pz=96.6986003261 E=0.00000 N137 

MOVL VL=400.0 PL=0 ACC=0.0 DEC=0 TOOL=0 BASE=0 USE=0 COUNT=0 J1=109.7487693581 J2=72.2638953091 J3=-15.8207260834 J4=102.0336776081 J5=62.6947491373 J6=-2.9632224816 J7=0.0000000000 J8=0.0000000000 Nx=0.1903653828 Ny=0.8276486555 Nz=-0.5279760640 Ox=-0.0037155543 Oy=-0.5371995740 Oz=-0.8434469826 Ax=-0.9817062777 Ay=0.1625248315 Az=-0.0991890290 Px=-186.7761077034 Py=318.3525266870 Pz=116.9706376375 E=0.00000 N138 

MOVJ VJ=50.0 PL=0 ACC=0.0 DEC=0 TOOL=0 BASE=0 USE=0 COUNT=0 J1=105.5745931887 J2=66.0951394526 J3=-6.5794690825 J4=85.8805978676 J5=85.5355268270 J6=1.7048850149 J7=0.0000000000 J8=0.0000000000 Nx=-0.1504789861 Ny=0.8368805711 Nz=-0.5262955296 Ox=0.2096224821 Oy=-0.4932424618 Oz=-0.8442572409 Ax=-0.9661337846 Ay=-0.2373663488 Az=-0.1012063569 Px=-171.7200316526 Py=325.3538817775 Pz=119.3978919029 E=0.00000 N139 

MOVJ VJ=50.0 PL=0 ACC=0.0 DEC=0 TOOL=0 BASE=0 USE=0 COUNT=0 J1=105.5745931632 J2=71.6188276048 J3=7.6583613110 J4=84.6159622661 J5=87.1889434089 J6=21.4379618995 J7=0.0000000000 J8=0.0000000000 Nx=-0.1504789880 Ny=0.8368805706 Nz=-0.5262955299 Ox=0.2096224835 Oy=-0.4932424616 Oz=-0.8442572407 Ax=-0.9661337840 Ay=-0.2373663512 Az=-0.1012063572 Px=-171.7200315033 Py=325.3538818196 Pz=214.9784589707 E=0.00000 N140 

MOVL VL=200.0 PL=0 ACC=0.0 DEC=0 TOOL=0 BASE=0 USE=0 COUNT=0 J1=99.5045612881 J2=100.3672724037 J3=1.2379665590 J4=94.6216362639 J5=90.5930997683 J6=45.4168760841 J7=0.0000000000 J8=0.0000000000 Nx=-0.2008397379 Ny=0.8081814405 Nz=-0.5536299838 Ox=0.0434015533 Oy=-0.5572495712 Oz=-0.8292099979 Ax=-0.9786622016 Ay=-0.1905667199 Az=0.0768415280 Px=-112.8004662337 Py=199.9164378338 Pz=338.5798789526 E=0.00000 N141 

MOVJ VJ=50.0 PL=0 ACC=0.0 DEC=0 TOOL=0 BASE=0 USE=0 COUNT=0 J1=41.3197481118 J2=99.6561265323 J3=3.9187709843 J4=99.1368927978 J5=92.2852988635 J6=50.6096036127 J7=0.0000000000 J8=0.0000000000 Nx=0.4992006619 Ny=0.6355331104 Nz=-0.5889790868 Ox=-0.4989020172 Oy=-0.3449377852 Oz=-0.7950564141 Ax=-0.7084458176 Ay=0.6907355426 Az=0.1448755801 Px=108.3065513527 Py=198.3297153704 Pz=353.0169289114 E=0.00000 N142 

MOVJ VJ=50.0 PL=0 ACC=0.0 DEC=0 TOOL=0 BASE=0 USE=0 COUNT=0 J1=32.7397737204 J2=83.5571351653 J3=1.7406824386 J4=100.1055884495 J5=103.1225686330 J6=37.2570805229 J7=0.0000000000 J8=0.0000000000 Nx=0.4572348217 Ny=0.6317737884 Nz=-0.6259378548 Ox=-0.5522924486 Oy=-0.3499442248 Oz=-0.7566452873 Ax=-0.6970719970 Ay=0.6916653235 Az=0.1889172073 Px=202.1202002951 Py=219.4361935224 Pz=276.7898794316 E=0.00000 N143 
```

`WAIT X#(15)==ON DT=0 CT=0 N144` 

------

<!--冲咖啡一号-->

```
MOVL VL=50.0 PL=0 ACC=0.0 DEC=0 TOOL=0 BASE=0 USE=0 COUNT=0 J1=32.7393600000 J2=83.5536000000 J3=1.7395200000 J4=137.4332187651 J5=103.0797836066 J6=37.2686400000 J7=0.0000000000 J8=0.0000000000 Nx=0.3236175054 Ny=0.8831209204 Nz=-0.3396603451 Ox=-0.8054291501 Oy=0.0687278947 Oz=-0.5886937749 Ax=-0.4965436480 Ay=0.4640839540 Az=0.7335328822 Px=217.8765241487 Py=201.5779816830 Pz=319.5189959578 E=0.00000 N145 

MOVL VL=55.0 PL=0 ACC=0.0 DEC=0 TOOL=0 BASE=0 USE=0 COUNT=0 J1=37.1814722045 J2=79.7563412693 J3=5.8444967788 J4=137.9035092226 J5=85.4205865627 J6=34.1953883124 J7=0.0000000000 J8=0.0000000000 Nx=0.4036620977 Ny=0.7740494576 Nz=-0.4877543932 Ox=-0.8659687226 Oy=0.1512211593 Oz=-0.4766868284 Ax=-0.2952203962 Ay=0.6148004539 Az=0.7313448704 Px=233.6803994170 Py=243.0946626610 Pz=318.2494638917 E=0.00000 N146 

MOVL VL=200.0 PL=0 ACC=0.0 DEC=0 TOOL=0 BASE=0 USE=0 COUNT=0 J1=32.7398400000 J2=83.5521600000 J3=1.7376000000 J4=97.0772459016 J5=103.0866793443 J6=28.2852000000 J7=0.0000000000 J8=0.0000000000 Nx=0.5496571823 Ny=0.6580658725 Nz=-0.5146127568 Ox=-0.4492841736 Oy=-0.2864751416 Oz=-0.8462125765 Ax=-0.7042873798 Ay=0.6963341876 Az=0.1381954625 Px=201.5728955410 Py=219.8154018332 Pz=272.7689586931 E=0.00000 N147 

MOVL VL=300.0 PL=0 ACC=0.0 DEC=0 TOOL=0 BASE=0 USE=0 COUNT=0 J1=37.1814427604 J2=79.7563664638 J3=5.8444695754 J4=137.9032586615 J5=85.4207039105 J6=34.1954086088 J7=0.0000000000 J8=0.0000000000 Nx=0.4036627006 Ny=0.7740487759 Nz=-0.4877549761 Ox=-0.8659672560 Oy=0.1512186659 Oz=-0.4766902837 Ax=-0.2952238738 Ay=0.6148019255 Az=0.7313422295 Px=233.6801370509 Py=243.0945782975 Pz=318.2492677564 E=0.00000 N148 

MOVL VL=100.0 PL=0 ACC=0.0 DEC=0 TOOL=0 BASE=0 USE=0 COUNT=0 J1=37.1814427607 J2=79.7563664646 J3=5.8444695748 J4=137.9032586618 J5=85.4207039084 J6=34.1954086082 J7=0.0000000000 J8=0.0000000000 Nx=0.4036627006 Ny=0.7740487759 Nz=-0.4877549761 Ox=-0.8659672560 Oy=0.1512186659 Oz=-0.4766902837 Ax=-0.2952238738 Ay=0.6148019255 Az=0.7313422295 Px=233.6801370497 Py=243.0945782976 Pz=318.2492677576 E=0.00000 N149
```

```
MOVC VL=300.0 PL=6 ACC=0.0 DEC=0 TOOL=0 BASE=0 USE=0 POINT=1 COUNT=0 J1=41.1875921299 J2=79.6014546646 J3=6.0156846734 J4=138.5175531699 J5=82.6449868604 J6=31.2259102030 J7=0.0000000000 J8=0.0000000000 Nx=0.4039044149 Ny=0.7731545894 Nz=-0.4889715785 Ox=-0.8663306127 Oy=0.1515982040 Oz=-0.4759088715 Ax=-0.2938239150 Ay=0.6158327415 Az=0.7310386730 Px=220.0701143740 Py=261.0987404140 Pz=318.1738014095 E=0.00000 N150 

MOVC VL=300.0 PL=6 ACC=0.0 DEC=0 TOOL=0 BASE=0 USE=0 POINT=2 COUNT=0 J1=35.5752000000 J2=74.5987200000 J3=10.4889600000 J4=140.1438688525 J5=86.7584590164 J6=35.2965600000 J7=0.0000000000 J8=0.0000000000 Nx=0.3912386605 Ny=0.7888254879 Nz=-0.4740112447 Ox=-0.8788537293 Oy=0.1674384621 Oz=-0.4467443159 Ax=-0.2730355891 Ay=0.5913701979 Az=0.7587706215 Px=259.3652940131 Py=247.2708234414 Pz=312.8708274484 E=0.00000 N151 

MOVC VL=300.0 PL=6 ACC=0.0 DEC=0 TOOL=0 BASE=0 USE=0 POINT=3 COUNT=0 J1=33.9147285079 J2=82.9630570827 J3=0.5060871125 J4=139.9699876278 J5=89.0600681931 J6=35.5243813451 J7=0.0000000000 J8=0.0000000000 Nx=0.3912386605 Ny=0.7888254879 Nz=-0.4740112447 Ox=-0.8788537293 Oy=0.1674384621 Oz=-0.4467443159 Ax=-0.2730355891 Ay=0.5913701979 Az=0.7587706215 Px=234.1735138490 Py=218.2785996865 Pz=312.8708274460 E=0.00000 N152 

MOVC VL=300.0 PL=6 ACC=0.0 DEC=0 TOOL=0 BASE=0 USE=0 POINT=2 COUNT=0 J1=39.0110992531 J2=85.0094548799 J3=-1.7537528297 J4=140.7338195398 J5=85.9929992232 J6=31.4872237847 J7=0.0000000000 J8=0.0000000000 Nx=0.3912386605 Ny=0.7888254879 Nz=-0.4740112447 Ox=-0.8788537293 Oy=0.1674384621 Oz=-0.4467443159 Ax=-0.2730355891 Ay=0.5913701979 Az=0.7587706215 Px=210.7061756801 Py=234.4798666479 Pz=312.8708274458 E=0.00000 N153 

MOVC VL=300.0 PL=6 ACC=0.0 DEC=0 TOOL=0 BASE=0 USE=0 POINT=3 COUNT=0 J1=37.4452233482 J2=77.4127643661 J3=6.9975926435 J4=140.8730243110 J5=84.3666208216 J6=31.3192281223 J7=0.0000000000 J8=0.0000000000 Nx=0.4283683113 Ny=0.7692944363 Nz=-0.4740112447 Ox=-0.8698806535 Oy=0.2091104130 Oz=-0.4467443159 Ax=-0.2445572295 Ay=0.6037043195 Az=0.7587706215 Px=245.0710514026 Py=249.7702534241 Pz=312.8708274453 E=0.00000 N154 
```

`WAIT X#(19)==ON DT=0 CT=0 N155`  <!--一号杯重量-->

------

<!--冲咖啡二号-->

```
MOVL VL=100.0 PL=0 ACC=0.0 DEC=0 TOOL=0 BASE=0 USE=0 COUNT=0 J1=32.7398400000 J2=83.5521600000 J3=1.7376000000 J4=97.0772459016 J5=103.0866793443 J6=28.2852000000 J7=0.0000000000 J8=0.0000000000 Nx=0.5496571823 Ny=0.6580658725 Nz=-0.5146127568 Ox=-0.4492841736 Oy=-0.2864751416 Oz=-0.8462125765 Ax=-0.7042873798 Ay=0.6963341876 Az=0.1381954625 Px=201.5728955410 Py=219.8154018332 Pz=272.7689586932 E=0.00000 N156 

MOVL VL=200.0 PL=0 ACC=0.0 DEC=0 TOOL=0 BASE=0 USE=0 COUNT=0 J1=39.9679947864 J2=111.3051068884 J3=-8.4250083422 J4=92.1729901242 J5=95.6210306328 J6=44.1825750665 J7=0.0000000000 J8=0.0000000000 Nx=0.5896636171 Ny=0.6202900595 Nz=-0.5172398484 Ox=-0.3689790316 Oy=-0.3627879175 Oz=-0.8557098814 Ax=-0.7184367007 Ay=0.6954316422 Az=0.0149511898 Px=72.6791181909 Py=162.7765329282 Pz=325.7329315625 E=0.00000 N157 

MOVL VL=300.0 PL=0 ACC=0.0 DEC=0 TOOL=0 BASE=0 USE=0 COUNT=0 J1=45.6967297534 J2=67.5780034552 J3=32.3913168440 J4=93.3962367538 J5=35.1824888656 J6=41.5086670144 J7=0.0000000000 J8=0.0000000000 Nx=0.7903498088 Ny=-0.0087384549 Nz=-0.6125935187 Ox=-0.5948839156 Oy=0.2281417423 Oz=-0.7707557800 Ax=0.1464933673 Ay=0.9735887144 Az=0.1751134161 Px=267.0764997028 Py=338.2960574351 Pz=323.7242464027 E=0.00000 N158 

MOVL VL=100.0 PL=0 ACC=0.0 DEC=0 TOOL=0 BASE=0 USE=0 COUNT=0 J1=44.3290625664 J2=77.4645547341 J3=8.8747703518 J4=144.8075165668 J5=49.7966742106 J6=0.4901208110 J7=0.0000000000 J8=0.0000000000 Nx=0.7759582304 Ny=0.2477259778 Nz=-0.5801040118 Ox=-0.6040378290 Oy=0.5567776580 Oz=-0.5702078048 Ax=0.1817336671 Ay=0.7928622071 Az=0.5816720681 Px=252.1139733279 Py=294.5813606720 Pz=307.8120325732 E=0.00000 N159 
```

```
