`WAIT X#(11)==ON DT=0 CT=0 N1`   <!--X11废水箱，on----未满-->
`WAIT X#(12)==ON DT=0 CT=0 N2`   <!--X12水箱，on----有水/水位线以上-->
`WAIT X#(16)==ON DT=0 CT=0 N3`   <!--X16热水壶，on----热水壶到位？热水壶开关打开-->

------

<!--机械臂移动到一号杯位置-->

```
MOVJ VJ=70.0 PL=2 ACC=0.0 DEC=0 TOOL=0 BASE=0 USE=0 COUNT=0 J1=35.5833600000 J2=112.9569600000 J3=-24.6720000000 J4=1.5946229508 J5=87.3553796721 J6=37.9051200000 J7=0.0000000000 J8=0.0000000000 Nx=0.9991292386 Ny=-0.0415001118 Nz=-0.0043017842 Ox=-0.0416164938 Oy=-0.9986241810 Oz=-0.0319031753 Ax=-0.0029718803 Ay=0.0320544204 Az=-0.9994817067 Px=141.4557605952 Py=103.8934426495 Pz=178.1555522682 E=0.00000 N4

MOVJ VJ=70.0 PL=2 ACC=0.0 DEC=0 TOOL=0 BASE=0 USE=0 COUNT=0 J1=31.1213047180 J2=85.8494318917 J3=-26.2056311510 J4=2.1850186620 J5=55.9538493945 J6=-23.8472574959 J7=0.0000000000 J8=0.0000000000 Nx=0.5891529901 Ny=0.8048213227 Nz=0.0718428344 Ox=0.8070784463 Oy=-0.5904291931 Oz=-0.0042130260 Ax=0.0390273736 Ay=0.0604649200 Az=-0.9974070671 Px=234.8944291204 Py=144.7133627369 Pz=71.1968420282 E=0.00000 N5

MOVJ VJ=70.0 PL=2 ACC=0.0 DEC=0 TOOL=0 BASE=0 USE=0 COUNT=0 J1=54.8269675092 J2=71.4463158129 J3=-14.3273771486 J4=-0.0770924649 J5=53.1490262533 J6=42.3916141063 J7=0.0000000000 J8=0.0000000000 Nx=0.9753146697 Ny=0.2146354096 Nz=0.0518935058 Ox=0.2170248519 Oy=-0.9750891143 Oz=-0.0458413879 Ax=0.0407616076 Ay=0.0559719585 Az=-0.9975999355 Px=193.0941531908 Py=273.8553921197 Pz=48.0169407183 E=0.00000 N6

MOVJ VJ=70.0 PL=2 ACC=0.0 DEC=0 TOOL=0 BASE=0 USE=0 COUNT=0 J1=53.2039506342 J2=47.6279778077 J3=23.2697797969 J4=1.4910007079 J5=71.0836233946 J6=40.9870569474 J7=0.0000000000 J8=0.0000000000 Nx=0.9789107737 Ny=0.2034348673 Nz=-0.0186534705 Ox=0.2031441009 Oy=-0.9790120990 Oz=-0.0163641138 Ax=-0.0215910046 Ay=0.0122296648 Az=-0.9996920845 Px=264.3007401039 Py=356.5748489683 Pz=52.1452794414 E=0.00000 N7

MOVL VL=200.0 PL=2 ACC=0.0 DEC=0 TOOL=0 BASE=0 USE=0 COUNT=0 J1=53.2039506370 J2=44.5141722678 J3=18.8952662944 J4=1.5747465202 J5=63.5979744944 J6=40.7701398334 J7=0.0000000000 J8=0.0000000000 Nx=0.9789107737 Ny=0.2034348673 Nz=-0.0186534704 Ox=0.2031441009 Oy=-0.9790120990 Oz=-0.0163641139 Ax=-0.0215910045 Ay=0.0122296649 Az=-0.9996920845 Px=264.3007400235 Py=356.5748488933 Pz=9.7830806278 E=0.00000 N8
```

------

`TIME T=1000 N9`         <!--延时1S-->
`DOUT Y#(1)=ON N10`  <!--Y1夹子，on----夹子夹紧-->
`TIME T=1000 N11`      <!--延时1S-->

------

<!--机械臂移动到一号杯架-->

```
MOVL VL=300.0 PL=2 ACC=0.0 DEC=0 TOOL=0 BASE=0 USE=0 COUNT=0 J1=52.9457744103 J2=47.5176536016 J3=27.7548138908 J4=1.4562633297 J5=75.4632347748 J6=40.8466681800 J7=0.0000000000 J8=0.0000000000 Nx=0.9789107737 Ny=0.2034348673 Nz=-0.0186534704 Ox=0.2031441009 Oy=-0.9790120990 Oz=-0.0163641139 Ax=-0.0215910045 Ay=0.0122296649 Az=-0.9996920845 Px=268.5024806670 Py=358.8188887401 Pz=71.3511265778 E=0.00000 N12

MOVJ VJ=70.0 PL=2 ACC=0.0 DEC=0 TOOL=0 BASE=0 USE=0 COUNT=0 J1=38.9757186396 J2=99.3966259943 J3=-27.5438502452 J4=-1.8385067948 J5=67.9005062358 J6=7.0799489991 J7=0.0000000000 J8=0.0000000000 Nx=0.8405129881 Ny=0.5369893262 Nz=0.0719748591 Ox=0.5369327079 Oy=-0.8433438389 Oz=0.0217815646 Ax=0.0723960217 Ay=0.0203379680 Az=-0.9971685831 Px=182.4700369167 Py=144.6317721824 Pz=121.0104752569 E=0.00000 N13 

MOVJ VJ=70.0 PL=2 ACC=0.0 DEC=0 TOOL=0 BASE=0 USE=0 COUNT=0 J1=52.4926898654 J2=112.4066284944 J3=-37.0083604749 J4=0.0563136732 J5=69.2816662436 J6=81.6811147768 J7=0.0000000000 J8=0.0000000000 Nx=0.8724093722 Ny=-0.4885615202 Nz=0.0144750896 Ox=-0.4845483665 Oy=-0.8683709875 Oz=-0.1055685021 Ax=0.0641464557 Ay=0.0850850696 Az=-0.9943066746 Px=110.8550704161 Py=144.5495060494 Pz=120.9643308554 E=0.00000 N14 

MOVL VL=200.0 PL=2 ACC=0.0 DEC=0 TOOL=0 BASE=0 USE=0 COUNT=0 J1=42.9750421554 J2=68.2177130130 J3=-0.3824289412 J4=0.8333876602 J5=65.5859752299 J6=75.6741811237 J7=0.0000000000 J8=0.0000000000 Nx=0.8384306048 Ny=-0.5449980726 Nz=-0.0033498906 Ox=-0.5446517087 Oy=-0.8376437705 Oz=-0.0413210589 Ax=0.0197138824 Ay=0.0364693641 Az=-0.9991403046 Px=266.1852859029 Py=249.4261063162 Pz=88.0658759865 E=0.00000 N15 

MOVL VL=200.0 PL=3 ACC=0.0 DEC=0 TOOL=0 BASE=0 USE=0 COUNT=0 J1=42.9750421556 J2=66.7680208858 J3=-3.0815675508 J4=0.8640247049 J5=61.4375991002 J6=75.6055353205 J7=0.0000000000 J8=0.0000000000 Nx=0.8384306048 Ny=-0.5449980726 Nz=-0.0033498907 Ox=-0.5446517087 Oy=-0.8376437705 Oz=-0.0413210589 Ax=0.0197138824 Ay=0.0364693641 Az=-0.9991403046 Px=266.1852859010 Py=249.4261063171 Pz=67.6413948239 E=0.00000 N16 
```

------

` TIME T=1000 N17`          <!--延时1S-->
` DOUT Y#(1)=OFF N18 `   <!--Y1 off----夹子松开-->
` TIME T=1000 N19 `         <!--延时1S-->

------

<!--机械臂移动到一号漏斗位置-->

```
MOVL VL=300.0 PL=2 ACC=0.0 DEC=0 TOOL=0 BASE=0 USE=0 COUNT=0 J1=42.9750421553 J2=69.6565103312 J3=3.7493608978 J4=0.8018438912 J5=71.1559963161 J6=75.7596583494 J7=0.0000000000 J8=0.0000000000 Nx=0.8384306048 Ny=-0.5449980726 Nz=-0.0033498906 Ox=-0.5446517087 Oy=-0.8376437705 Oz=-0.0413210589 Ax=0.0197138824 Ay=0.0364693641 Az=-0.9991403046 Px=266.1852859034 Py=249.4261063161 Pz=115.0554245137 E=0.00000 N20 

MOVL VL=200.0 PL=2 ACC=0.0 DEC=0 TOOL=0 BASE=0 USE=0 COUNT=0 J1=80.1301661615 J2=104.4582245910 J3=-35.2509139232 J4=-1.5783488926 J5=66.4401170166 J6=105.4721939829 J7=0.0000000000 J8=0.0000000000 Nx=0.9079731797 Ny=-0.4188571259 Nz=0.0119755162 Ox=-0.4177133076 Oy=-0.9070164607 Oz=-0.0532609855 Ax=0.0331707336 Ay=0.0433572139 Az=-0.9985088154 Px=37.2332456480 Py=202.4393946994 Pz=104.4578199219 E=0.00000 N21

MOVJ VJ=70.0 PL=2 ACC=0.0 DEC=0 TOOL=0 BASE=0 USE=0 COUNT=0 J1=69.3017997701 J2=83.5072247451 J3=-36.8130234040 J4=2.0698320365 J5=41.9899629247 J6=41.0887184463 J7=0.0000000000 J8=0.0000000000 Nx=0.8929806770 Ny=0.4479123541 Nz=0.0442722662 Ox=0.4500482147 Oy=-0.8899761807 Oz=-0.0734779030 Ax=0.0064896019 Ay=0.0855390020 Az=-0.9963136877 Px=89.1360350935 Py=241.2805896983 Pz=19.9824298406 E=0.00000 N22 
MOVL VL=200.0 PL=2 ACC=0.0 DEC=0 TOOL=0 BASE=0 USE=0 COUNT=0 J1=65.0959263026 J2=68.3584563783 J3=-19.9443086082 J4=6.0750003809 J5=45.6030323102 J6=30.1266806829 J7=0.0000000000 J8=0.0000000000 Nx=0.8587537197 Ny=0.5123885512 Nz=0.0001469350 Ox=0.5102457421 Oy=-0.8551361423 Oz=-0.0916049166 Ax=-0.0468116611 Ay=0.0787410359 Az=-0.9957954196 Px=131.8990743020 Py=298.1955320452 Pz=9.6287331029 E=0.00000 N23 

MOVL VL=300.0 PL=2 ACC=0.0 DEC=0 TOOL=0 BASE=0 USE=0 COUNT=0 J1=68.3045912221 J2=61.5081990253 J3=-12.8200804165 J4=1.5646673164 J5=44.0793649588 J6=39.8116750130 J7=0.0000000000 J8=0.0000000000 Nx=0.8874197067 Ny=0.4584105526 Nz=0.0484358282 Ox=0.4608030277 Oy=-0.8849643644 Oz=-0.0670719271 Ax=0.0121175027 Ay=0.0818403261 Az=-0.9965717873 Px=130.6417318118 Py=332.3983518536 Pz=-2.5834390185 E=0.00000 N24 
```

------

` TIME T=1000 N25 ` 
` DOUT Y#(1)=ON N26`  <!--夹漏斗-->
` TIME T=1000 N27 ` 

------

<!--机械臂移动到一号漏斗架位置-->

```
MOVJ VJ=70.0 PL=2 ACC=0.0 DEC=0 TOOL=0 BASE=0 USE=0 COUNT=0 J1=68.3045912218 J2=70.9430218448 J3=-2.5521506930 J4=1.2132880044 J5=63.7765324359 J6=40.3996469762 J7=0.0000000000 J8=0.0000000000 Nx=0.8874197067 Ny=0.4584105526 Nz=0.0484358282 Ox=0.4608030277 Oy=-0.8849643644 Oz=-0.0670719271 Ax=0.0121175027 Ay=0.0818403261 Az=-0.9965717873 Px=130.6417318135 Py=332.3983518526 Pz=95.0116910337 E=0.00000 N28 

MOVJ VJ=70.0 PL=2 ACC=0.0 DEC=0 TOOL=0 BASE=0 USE=0 COUNT=0 J1=38.9145159563 J2=113.8064310837 J3=-10.6147040068 J4=2.5904335645 J5=102.8603138494 J6=12.1813226559 J7=0.0000000000 J8=0.0000000000 Nx=0.8884399581 Ny=0.4589801536 Nz=-0.0034145789 Ox=0.4583983031 Oy=-0.8876431010 Oz=-0.0442800299 Ax=-0.0233545824 Ay=0.0377749107 Az=-0.9990133230 Px=120.7035003653 Py=101.8913600806 Pz=243.1301622531 E=0.00000 N29  

MOVJ VJ=70.0 PL=2 ACC=0.0 DEC=0 TOOL=0 BASE=0 USE=0 COUNT=0 J1=22.5564758694 J2=75.2683149310 J3=17.3648243641 J4=2.4069345541 J5=91.8954725403 J6=23.2222842020 J7=0.0000000000 J8=0.0000000000 Nx=0.9999404398 Ny=-0.0098580074 Nz=-0.0046836474 Ox=-0.0100531155 Oy=-0.9989966870 Oz=-0.0436411977 Ax=-0.0042487330 Ay=0.0436856837 Az=-0.9990362903 Px=313.3736851934 Py=133.7335269985 Pz=209.9469481912 E=0.00000 N30 

MOVL VL=200.0 PL=2 ACC=0.0 DEC=0 TOOL=0 BASE=0 USE=0 COUNT=0 J1=22.5564758690 J2=75.7135370322 J3=12.8874234136 J4=2.4072859550 J5=87.8668486496 J6=23.0529686530 J7=0.0000000000 J8=0.0000000000 Nx=0.9999404398 Ny=-0.0098580074 Nz=-0.0046836474 Ox=-0.0100531155 Oy=-0.9989966870 Oz=-0.0436411977 Ax=-0.0042487330 Ay=0.0436856837 Az=-0.9990362903 Px=313.3736851965 Py=133.7335269969 Pz=192.1794454991 E=0.00000 N31
```

------

` TIME T=1000 N32`  
` DOUT Y#(1)=OFF N33`  <!--放漏斗-->
` TIME T=1000 N34` 

------

<!--机械臂退回到安全位置-->

```
MOVJ VJ=70.0 PL=2 ACC=0.0 DEC=0 TOOL=0 BASE=0 USE=0 COUNT=0 J1=22.3224533475 J2=79.6618165393 J3=4.9209570412 J4=2.2936483254 J5=83.9307536814 J6=22.6697325392 J7=0.0000000000 J8=0.0000000000 Nx=0.9999381688 Ny=-0.0099660044 Nz=-0.0049332918 Ox=-0.0101605346 Oy=-0.9991026523 Oz=-0.0411175602 Ax=-0.0045190871 Ay=0.0411651428 Az=-0.9991421365 Px=298.3085574150 Py=125.8589630543 Pz=177.6887702872 E=0.00000 N35 

MOVJ VJ=70.0 PL=2 ACC=0.0 DEC=0 TOOL=0 BASE=0 USE=0 COUNT=0 J1=20.3490814538 J2=85.0971238346 J3=-0.9386054351 J4=2.3335364798 J5=83.5767663411 J6=19.5031425949 J7=0.0000000000 J8=0.0000000000 Nx=0.9999367505 Ny=0.0104966401 Nz=-0.0040392549 Ox=0.0103198820 Oy=-0.9990835399 Oz=-0.0415401055 Ax=-0.0044715846 Ay=0.0414957934 Az=-0.9991286724 Px=279.4409837356 Py=107.0281862629 Pz=179.0253389212 E=0.00000 N36 

MOVJ VJ=70.0 PL=2 ACC=0.0 DEC=0 TOOL=0 BASE=0 USE=0 COUNT=0 J1=40.9786874286 J2=118.2347284480 J3=-25.1521430141 J4=1.9788070962 J5=91.6968707921 J6=39.0127367826 J7=0.0000000000 J8=0.0000000000 Nx=0.9993545567 Ny=0.0358057964 Nz=-0.0029008622 Ox=0.0356524826 Oy=-0.9984802386 Oz=-0.0420251535 Ax=-0.0044011977 Ay=0.0418946057 Az=-0.9991123418 Px=113.1069269478 Py=101.8373441027 Pz=189.5794741691 E=0.00000 N37
```

------

` DOUT Y#(8)=ON N38 ` <!--Y8注水器，on----开始注水-->
` TIME T=2000 N39`     <!--延时2S-->
` WAIT X#(20)==ON DT=0 CT=0 N40`  <!--X20水壶重量传感器，on----重量达到？-->
` DOUT Y#(8)=OFF N41`<!--Y8 off----注水结束-->  
` TIME T=1000 N42 `      <!--延时1S-->

; 3漏斗完成 N43 3漏斗完成  #？

注水结束后停留时间太长

------

<!--机械臂拿水壶-->

```
MOVJ VJ=50.0 PL=0 ACC=0.0 DEC=0 TOOL=0 BASE=0 USE=0 COUNT=0 J1=58.1874630852 J2=125.2204940486 J3=-49.1358125641 J4=2.8425564645 J5=70.9834109254 J6=-0.5827957619 J7=0.0000000000 J8=0.0000000000 Nx=0.5301377163 Ny=0.8432264335 Nz=0.0890122672 Ox=0.8478811775 Oy=-0.5280781450 Oz=-0.0472332685 Ax=0.0071770924 Ay=0.1005119630 Az=-0.9949099631 Px=65.6302894476 Py=112.7810819719 Pz=96.0431592809 E=0.00000 N44 

MOVJ VJ=50.0 PL=0 ACC=0.0 DEC=0 TOOL=0 BASE=0 USE=0 COUNT=0 J1=76.9346524756 J2=138.0317033759 J3=-52.3702153864 J4=90.1605261889 J5=93.1472738056 J6=27.2042201163 J7=0.0000000000 J8=0.0000000000 Nx=0.1435486334 Ny=0.8402231695 Nz=-0.5228946502 Ox=-0.0960842535 Oy=-0.5140377748 Oz=-0.8523690412 Ax=-0.9849678198 Ay=0.1725983531 Az=0.0069427959 Px=-58.5947197442 Py=94.2369872693 Pz=179.6716558854 E=0.00000 N45  

MOVL VL=400.0 PL=0 ACC=0.0 DEC=0 TOOL=0 BASE=0 USE=0 COUNT=0 J1=89.6194032596 J2=93.8014529569 J3=-51.5329500926 J4=91.7232300519 J5=80.8250550732 J6=-15.4884878139 J7=0.0000000000 J8=0.0000000000 Nx=0.1671562219 Ny=0.8328994548 Nz=-0.5275768150 Ox=0.0100178376 Oy=-0.5365127176 Oz=-0.8438327718 Ax=-0.9858795263 Ay=0.1357667191 Az=-0.0980252904 Px=-76.1218746351 Py=201.7932134708 Pz=76.1478558468 E=0.00000 N46 

MOVL VL=150.0 PL=0 ACC=0.0 DEC=0 TOOL=0 BASE=0 USE=0 COUNT=0 J1=89.7319390921 J2=77.1595438548 J3=-33.1576299770 J4=91.5238775763 J5=80.6990178472 J6=-13.7352122862 J7=0.0000000000 J8=0.0000000000 Nx=0.1671562219 Ny=0.8328994548 Nz=-0.5275768150 Ox=0.0100178376 Oy=-0.5365127176 Oz=-0.8438327718 Ax=-0.9858795263 Ay=0.1357667191 Az=-0.0980252903 Px=-76.1218746383 Py=282.0366728452 Pz=76.1478558511 E=0.00000 N47 

MOVL VL=150.0 PL=0 ACC=0.0 DEC=0 TOOL=0 BASE=0 USE=0 COUNT=0 J1=89.7510752466 J2=73.2626980384 J3=-27.9710998874 J4=91.3258615999 J5=80.6535026788 J6=-12.4290037606 J7=0.0000000000 J8=0.0000000000 Nx=0.1671562219 Ny=0.8328994548 Nz=-0.5275768150 Ox=0.0100178376 Oy=-0.5365127176 Oz=-0.8438327718 Ax=-0.9858795263 Ay=0.1357667191 Az=-0.0980252904 Px=-76.1218746340 Py=302.8992966945 Pz=76.1478558450 E=0.00000 N48 
```

` TIME T=800 N49`    <!--延时-->

```
MOVL VL=150.0 PL=0 ACC=0.0 DEC=0 TOOL=0 BASE=0 USE=0 COUNT=0 J1=89.7688366272 J2=69.1444828318 J3=-22.1684134777 J4=91.0602855954 J5=80.6056228397 J6=-10.7223902510 J7=0.0000000000 J8=0.0000000000 Nx=0.1671562219 Ny=0.8328994548 Nz=-0.5275768150 Ox=0.0100178376 Oy=-0.5365127176 Oz=-0.8438327718 Ax=-0.9858795263 Ay=0.1357667191 Az=-0.0980252904 Px=-76.1218746310 Py=325.3538817662 Pz=76.1478558404 E=0.00000 N50
```

------

` TIME T=1000 N51 ` 
` DOUT Y#(1)=ON N52`  <!--夹水壶-->
` TIME T=1000 N53`  

------

<!--冲咖啡-->

```
MOVL VL=400.0 PL=0 ACC=0.0 DEC=0 TOOL=0 BASE=0 USE=0 COUNT=0 J1=91.7766430051 J2=71.8379189946 J3=-20.4332457635 J4=91.5824322376 J5=78.9830588258 J6=-6.2600754160 J7=0.0000000000 J8=0.0000000000 Nx=0.1671562219 Ny=0.8328994548 Nz=-0.5275768150 Ox=0.0100178377 Oy=-0.5365127176 Oz=-0.8438327718 Ax=-0.9858795263 Ay=0.1357667191 Az=-0.0980252904 Px=-87.1528561430 Py=325.3538817694 Pz=96.6986003261 E=0.00000 N54

MOVL VL=400.0 PL=0 ACC=0.0 DEC=0 TOOL=0 BASE=0 USE=0 COUNT=0 J1=109.7487693581 J2=72.2638953091 J3=-15.8207260834 J4=102.0336776081 J5=62.6947491373 J6=-2.9632224816 J7=0.0000000000 J8=0.0000000000 Nx=0.1903653828 Ny=0.8276486555 Nz=-0.5279760640 Ox=-0.0037155543 Oy=-0.5371995740 Oz=-0.8434469826 Ax=-0.9817062777 Ay=0.1625248315 Az=-0.0991890290 Px=-186.7761077034 Py=318.3525266870 Pz=116.9706376375 E=0.00000 N55

MOVJ VJ=50.0 PL=0 ACC=0.0 DEC=0 TOOL=0 BASE=0 USE=0 COUNT=0 J1=105.5745931887 J2=66.0951394526 J3=-6.5794690825 J4=85.8805978676 J5=85.5355268270 J6=1.7048850149 J7=0.0000000000 J8=0.0000000000 Nx=-0.1504789861 Ny=0.8368805711 Nz=-0.5262955296 Ox=0.2096224821 Oy=-0.4932424618 Oz=-0.8442572409 Ax=-0.9661337846 Ay=-0.2373663488 Az=-0.1012063569 Px=-171.7200316526 Py=325.3538817775 Pz=119.3978919029 E=0.00000 N56 

MOVJ VJ=50.0 PL=0 ACC=0.0 DEC=0 TOOL=0 BASE=0 USE=0 COUNT=0 J1=105.5745931632 J2=71.6188276048 J3=7.6583613110 J4=84.6159622661 J5=87.1889434089 J6=21.4379618995 J7=0.0000000000 J8=0.0000000000 Nx=-0.1504789880 Ny=0.8368805706 Nz=-0.5262955299 Ox=0.2096224835 Oy=-0.4932424616 Oz=-0.8442572407 Ax=-0.9661337840 Ay=-0.2373663512 Az=-0.1012063572 Px=-171.7200315033 Py=325.3538818196 Pz=214.9784589707 E=0.00000 N57 

MOVL VL=200.0 PL=0 ACC=0.0 DEC=0 TOOL=0 BASE=0 USE=0 COUNT=0 J1=99.5045612881 J2=100.3672724037 J3=1.2379665590 J4=94.6216362639 J5=90.5930997683 J6=45.4168760841 J7=0.0000000000 J8=0.0000000000 Nx=-0.2008397379 Ny=0.8081814405 Nz=-0.5536299838 Ox=0.0434015533 Oy=-0.5572495712 Oz=-0.8292099979 Ax=-0.9786622016 Ay=-0.1905667199 Az=0.0768415280 Px=-112.8004662337 Py=199.9164378338 Pz=338.5798789526 E=0.00000 N58

MOVJ VJ=50.0 PL=0 ACC=0.0 DEC=0 TOOL=0 BASE=0 USE=0 COUNT=0 J1=41.3197481118 J2=99.6561265323 J3=3.9187709843 J4=99.1368927978 J5=92.2852988635 J6=50.6096036127 J7=0.0000000000 J8=0.0000000000 Nx=0.4992006619 Ny=0.6355331104 Nz=-0.5889790868 Ox=-0.4989020172 Oy=-0.3449377852 Oz=-0.7950564141 Ax=-0.7084458176 Ay=0.6907355426 Az=0.1448755801 Px=108.3065513527 Py=198.3297153704 Pz=353.0169289114 E=0.00000 N59

MOVL VL=50.0 PL=0 ACC=0.0 DEC=0 TOOL=0 BASE=0 USE=0 COUNT=0 J1=32.7393600000 J2=83.5536000000 J3=1.7395200000 J4=137.4332187651 J5=103.0797836066 J6=37.2686400000 J7=0.0000000000 J8=0.0000000000 Nx=0.3236175054 Ny=0.8831209204 Nz=-0.3396603451 Ox=-0.8054291501 Oy=0.0687278947 Oz=-0.5886937749 Ax=-0.4965436480 Ay=0.4640839540 Az=0.7335328822 Px=217.8765241487 Py=201.5779816830 Pz=319.5189959578 E=0.00000 N60 

MOVL VL=55.0 PL=0 ACC=0.0 DEC=0 TOOL=0 BASE=0 USE=0 COUNT=0 J1=37.1814722045 J2=79.7563412693 J3=5.8444967788 J4=137.9035092226 J5=85.4205865627 J6=34.1953883124 J7=0.0000000000 J8=0.0000000000 Nx=0.4036620977 Ny=0.7740494576 Nz=-0.4877543932 Ox=-0.8659687226 Oy=0.1512211593 Oz=-0.4766868284 Ax=-0.2952203962 Ay=0.6148004539 Az=0.7313448704 Px=233.6803994170 Py=243.0946626610 Pz=318.2494638917 E=0.00000 N61

MOVL VL=200.0 PL=0 ACC=0.0 DEC=0 TOOL=0 BASE=0 USE=0 COUNT=0 J1=32.7398400000 J2=83.5521600000 J3=1.7376000000 J4=97.0772459016 J5=103.0866793443 J6=28.2852000000 J7=0.0000000000 J8=0.0000000000 Nx=0.5496571823 Ny=0.6580658725 Nz=-0.5146127568 Ox=-0.4492841736 Oy=-0.2864751416 Oz=-0.8462125765 Ax=-0.7042873798 Ay=0.6963341876 Az=0.1381954625 Px=201.5728955410 Py=219.8154018332 Pz=272.7689586931 E=0.00000 N62

MOVL VL=300.0 PL=0 ACC=0.0 DEC=0 TOOL=0 BASE=0 USE=0 COUNT=0 J1=37.1814427604 J2=79.7563664638 J3=5.8444695754 J4=137.9032586615 J5=85.4207039105 J6=34.1954086088 J7=0.0000000000 J8=0.0000000000 Nx=0.4036627006 Ny=0.7740487759 Nz=-0.4877549761 Ox=-0.8659672560 Oy=0.1512186659 Oz=-0.4766902837 Ax=-0.2952238738 Ay=0.6148019255 Az=0.7313422295 Px=233.6801370509 Py=243.0945782975 Pz=318.2492677564 E=0.00000 N63

MOVL VL=100.0 PL=0 ACC=0.0 DEC=0 TOOL=0 BASE=0 USE=0 COUNT=0 J1=37.1814427607 J2=79.7563664646 J3=5.8444695748 J4=137.9032586618 J5=85.4207039084 J6=34.1954086082 J7=0.0000000000 J8=0.0000000000 Nx=0.4036627006 Ny=0.7740487759 Nz=-0.4877549761 Ox=-0.8659672560 Oy=0.1512186659 Oz=-0.4766902837 Ax=-0.2952238738 Ay=0.6148019255 Az=0.7313422295 Px=233.6801370497 Py=243.0945782976 Pz=318.2492677576 E=0.00000 N64 
```

<!--转圈倒水-->

```
MOVC VL=300.0 PL=6 ACC=0.0 DEC=0 TOOL=0 BASE=0 USE=0 POINT=1 COUNT=0 J1=41.1875921299 J2=79.6014546646 J3=6.0156846734 J4=138.5175531699 J5=82.6449868604 J6=31.2259102030 J7=0.0000000000 J8=0.0000000000 Nx=0.4039044149 Ny=0.7731545894 Nz=-0.4889715785 Ox=-0.8663306127 Oy=0.1515982040 Oz=-0.4759088715 Ax=-0.2938239150 Ay=0.6158327415 Az=0.7310386730 Px=220.0701143740 Py=261.0987404140 Pz=318.1738014095 E=0.00000 N65 

MOVC VL=300.0 PL=6 ACC=0.0 DEC=0 TOOL=0 BASE=0 USE=0 POINT=2 COUNT=0 J1=35.5752000000 J2=74.5987200000 J3=10.4889600000 J4=140.1438688525 J5=86.7584590164 J6=35.2965600000 J7=0.0000000000 J8=0.0000000000 Nx=0.3912386605 Ny=0.7888254879 Nz=-0.4740112447 Ox=-0.8788537293 Oy=0.1674384621 Oz=-0.4467443159 Ax=-0.2730355891 Ay=0.5913701979 Az=0.7587706215 Px=259.3652940131 Py=247.2708234414 Pz=312.8708274484 E=0.00000 N66 

MOVC VL=300.0 PL=6 ACC=0.0 DEC=0 TOOL=0 BASE=0 USE=0 POINT=3 COUNT=0 J1=33.9147285079 J2=82.9630570827 J3=0.5060871125 J4=139.9699876278 J5=89.0600681931 J6=35.5243813451 J7=0.0000000000 J8=0.0000000000 Nx=0.3912386605 Ny=0.7888254879 Nz=-0.4740112447 Ox=-0.8788537293 Oy=0.1674384621 Oz=-0.4467443159 Ax=-0.2730355891 Ay=0.5913701979 Az=0.7587706215 Px=234.1735138490 Py=218.2785996865 Pz=312.8708274460 E=0.00000 N67  

MOVC VL=300.0 PL=6 ACC=0.0 DEC=0 TOOL=0 BASE=0 USE=0 POINT=2 COUNT=0 J1=39.0110992531 J2=85.0094548799 J3=-1.7537528297 J4=140.7338195398 J5=85.9929992232 J6=31.4872237847 J7=0.0000000000 J8=0.0000000000 Nx=0.3912386605 Ny=0.7888254879 Nz=-0.4740112447 Ox=-0.8788537293 Oy=0.1674384621 Oz=-0.4467443159 Ax=-0.2730355891 Ay=0.5913701979 Az=0.7587706215 Px=210.7061756801 Py=234.4798666479 Pz=312.8708274458 E=0.00000 N68

MOVC VL=300.0 PL=6 ACC=0.0 DEC=0 TOOL=0 BASE=0 USE=0 POINT=3 COUNT=0 J1=37.4452233482 J2=77.4127643661 J3=6.9975926435 J4=140.8730243110 J5=84.3666208216 J6=31.3192281223 J7=0.0000000000 J8=0.0000000000 Nx=0.4283683113 Ny=0.7692944363 Nz=-0.4740112447 Ox=-0.8698806535 Oy=0.2091104130 Oz=-0.4467443159 Ax=-0.2445572295 Ay=0.6037043195 Az=0.7587706215 Px=245.0710514026 Py=249.7702534241 Pz=312.8708274453 E=0.00000 N69
```

------

` WAIT X#(19)==ON DT=0 CT=0 N70`  <!--X19杯子传感器，on----杯子重量达到~g-->

------

<!--结束冲水，机械臂移动到倒废水位置-->

```
MOVL VL=100.0 PL=0 ACC=0.0 DEC=0 TOOL=0 BASE=0 USE=0 COUNT=0 J1=32.7398400000 J2=83.5521600000 J3=1.7376000000 J4=97.0772459016 J5=103.0866793443 J6=28.2852000000 J7=0.0000000000 J8=0.0000000000 Nx=0.5496571823 Ny=0.6580658725 Nz=-0.5146127568 Ox=-0.4492841736 Oy=-0.2864751416 Oz=-0.8462125765 Ax=-0.7042873798 Ay=0.6963341876 Az=0.1381954625 Px=201.5728955410 Py=219.8154018332 Pz=272.7689586932 E=0.00000 N71

MOVL VL=200.0 PL=0 ACC=0.0 DEC=0 TOOL=0 BASE=0 USE=0 COUNT=0 J1=39.9679947864 J2=111.3051068884 J3=-8.4250083422 J4=92.1729901242 J5=95.6210306328 J6=44.1825750665 J7=0.0000000000 J8=0.0000000000 Nx=0.5896636171 Ny=0.6202900595 Nz=-0.5172398484 Ox=-0.3689790316 Oy=-0.3627879175 Oz=-0.8557098814 Ax=-0.7184367007 Ay=0.6954316422 Az=0.0149511898 Px=72.6791181909 Py=162.7765329282 Pz=325.7329315625 E=0.00000 N72

MOVJ VJ=50.0 PL=0 ACC=0.0 DEC=0 TOOL=0 BASE=0 USE=0 COUNT=0 J1=55.7068187183 J2=126.4891935251 J3=-25.9182417837 J4=97.1541963022 J5=111.2757326047 J6=44.1883511309 J7=0.0000000000 J8=0.0000000000 Nx=0.1532173016 Ny=0.8369328154 Nz=-0.5254216603 Ox=-0.1494009947 Oy=-0.5059693382 Oz=-0.8495141974 Ax=-0.9768335586 Ay=0.2086587917 Az=0.0475153384 Px=-13.9231468255 Py=108.4034475077 Pz=285.0353928706 E=0.00000 N121  

MOVL VL=200.0 PL=3 ACC=0.0 DEC=0 TOOL=0 BASE=0 USE=0 COUNT=0 J1=90.8315730715 J2=133.9925274683 J3=-28.9468498298 J4=92.6778802088 J5=96.6180403879 J6=46.5163065867 J7=0.0000000000 J8=0.0000000000 Nx=-0.1254069179 Ny=0.8455810809 Nz=-0.5189082197 Ox=0.0588714681 Oy=-0.5157731363 Oz=-0.8547000773 Ax=-0.9903571352 Ay=-0.1377341911 Az=0.0149009197 Px=-78.8897283033 Py=68.1900238014 Pz=279.8577496369 E=0.00000 N122

MOVL VL=300.0 PL=0 ACC=0.0 DEC=0 TOOL=0 BASE=0 USE=0 COUNT=0 J1=103.2651075685 J2=106.4207735978 J3=-43.2080374361 J4=91.6033250852 J5=88.7273007564 J6=4.4508901814 J7=0.0000000000 J8=0.0000000000 Nx=-0.1766475450 Ny=0.8363148844 Nz=-0.5190116173 Ox=0.0901183277 Oy=-0.5113468229 Oz=-0.8546362464 Ax=-0.9801399552 Ay=-0.1977418538 Az=0.0149608621 Px=-119.3598232292 Py=164.4109494692 Pz=155.7100087361 E=0.00000 N123

MOVL VL=300.0 PL=3 ACC=0.0 DEC=0 TOOL=0 BASE=0 USE=0 COUNT=0 J1=104.1247025981 J2=78.1418563663 J3=-23.8960851118 J4=92.2849097348 J5=88.2955682853 J6=-4.5386914597 J7=0.0000000000 J8=0.0000000000 Nx=-0.1766475450 Ny=0.8363148844 Nz=-0.5190116173 Ox=0.0901183277 Oy=-0.5113468229 Oz=-0.8546362464 Ax=-0.9801399552 Ay=-0.1977418538 Az=0.0149608621 Px=-148.6947782858 Py=269.6207138928 Pz=123.9936471262 E=0.00000 N124

MOVL VL=200.0 PL=3 ACC=0.0 DEC=0 TOOL=0 BASE=0 USE=0 COUNT=0 J1=99.6463447240 J2=68.0334243795 J3=-14.3332032417 J4=83.6863607253 J5=87.7379931287 J6=-8.7336871921 J7=0.0000000000 J8=0.0000000000 Nx=-0.1270093331 Ny=0.8789973155 Nz=-0.4596002053 Ox=0.1899322027 Oy=-0.4332268976 Oz=-0.8810449555 Ax=-0.9735473218 Ay=-0.1991938115 Az=-0.1119260370 Px=-132.8261357482 Py=316.2033146519 Pz=98.5640321602 E=0.00000 N125

MOVL VL=200.0 PL=3 ACC=0.0 DEC=0 TOOL=0 BASE=0 USE=0 COUNT=0 J1=112.2743558658 J2=58.6013718506 J3=-19.6494159722 J4=124.1238511672 J5=114.0803970277 J6=-25.4515332492 J7=0.0000000000 J8=0.0000000000 Nx=-0.4213671127 Ny=0.8601107181 Nz=-0.2875053198 Ox=-0.5052166313 Oy=-0.4859031206 Oz=-0.7132000510 Ax=-0.7531307402 Ay=-0.1552665771 Az=0.6392858345 Px=-185.4754967149 Py=296.2894434374 Pz=85.6320197748 E=0.00000 N126 
```

` TIME T=30000 N127` <!--延时30S等待水倒完/咖啡滴漏-->

------

<!--摆正水壶-->

```
MOVL VL=200.0 PL=0 ACC=0.0 DEC=0 TOOL=0 BASE=0 USE=0 COUNT=0 J1=101.8489865627 J2=78.6170143072 J3=-18.1338106363 J4=85.2302106658 J5=100.8310395210 J6=3.9515824942 J7=0.0000000000 J8=0.0000000000 Nx=-0.3437868986 Ny=0.7566951781 Nz=-0.5560782102 Ox=0.2063755764 Oy=-0.5168121227 Oz=-0.8308515820 Ax=-0.9160893460 Ay=-0.4003968497 Az=0.0215098333 Px=-134.5163673522 Py=266.9594979573 Pz=150.2331014528 E=0.00000 N128

MOVL VL=200.0 PL=0 ACC=0.0 DEC=0 TOOL=0 BASE=0 USE=0 COUNT=0 J1=99.6463447240 J2=67.8986169882 J3=-14.4404104771 J4=83.6959183367 J5=87.7113985814 J6=-8.9744259685 J7=0.0000000000 J8=0.0000000000 Nx=-0.1270093331 Ny=0.8789973155 Nz=-0.4596002053 Ox=0.1899322027 Oy=-0.4332268976 Oz=-0.8810449555 Ax=-0.9735473218 Ay=-0.1991938115 Az=-0.1119260370 Px=-132.8261357483 Py=316.2033146518 Pz=97.3881208435 E=0.00000 N129

MOVL VL=400.0 PL=0 ACC=0.0 DEC=0 TOOL=0 BASE=0 USE=0 COUNT=0 J1=109.3170588036 J2=70.2050844300 J3=-15.0445139481 J4=101.4062444820 J5=64.5243180195 J6=-4.0016261200 J7=0.0000000000 J8=0.0000000000 Nx=0.1685524163 Ny=0.8323649192 Nz=-0.5279760640 Ox=0.0104011473 Oy=-0.5371117237 Oz=-0.8434469825 Ax=-0.9856378133 Ay=0.1366734701 Az=-0.0991890290 Px=-186.7761077071 Py=322.8384099974 Pz=108.8369653243 E=0.00000 N130

MOVL VL=400.0 PL=0 ACC=0.0 DEC=0 TOOL=0 BASE=0 USE=0 COUNT=0 J1=91.7766430050 J2=71.8379189945 J3=-20.4332457635 J4=91.5824322375 J5=78.9830588258 J6=-6.2600754161 J7=0.0000000000 J8=0.0000000000 Nx=0.1671562219 Ny=0.8328994548 Nz=-0.5275768150 Ox=0.0100178377 Oy=-0.5365127176 Oz=-0.8438327718 Ax=-0.9858795263 Ay=0.1357667191 Az=-0.0980252904 Px=-87.1528561426 Py=325.3538817700 Pz=96.6986003255 E=0.00000 N131 

MOVL VL=150.0 PL=0 ACC=0.0 DEC=0 TOOL=0 BASE=0 USE=0 COUNT=0 J1=89.7688366271 J2=69.1444828318 J3=-22.1684134775 J4=91.0602855945 J5=80.6056228388 J6=-10.7223902502 J7=0.0000000000 J8=0.0000000000 Nx=0.1671562219 Ny=0.8328994548 Nz=-0.5275768150 Ox=0.0100178377 Oy=-0.5365127176 Oz=-0.8438327718 Ax=-0.9858795263 Ay=0.1357667191 Az=-0.0980252904 Px=-76.1218746302 Py=325.3538817671 Pz=76.1478558392 E=0.00000 N132  
```

` TIME T=1000 N133`  
` DOUT Y#(1)=OFF N134`  <!--松开水壶-->
` TIME T=1000 N135`  

------

<!--退回安全位置-->

```
MOVL VL=50.0 PL=0 ACC=0.0 DEC=0 TOOL=0 BASE=0 USE=0 COUNT=0 J1=89.7461127567 J2=74.3208846553 J3=-29.4098022225 J4=91.3849141066 J5=80.6660175922 J6=-12.8144400061 J7=0.0000000000 J8=0.0000000000 Nx=0.1671562219 Ny=0.8328994548 Nz=-0.5275768150 Ox=0.0100178377 Oy=-0.5365127176 Oz=-0.8438327718 Ax=-0.9858795263 Ay=0.1357667191 Az=-0.0980252904 Px=-76.1218746268 Py=297.1870598550 Pz=76.1478558340 E=0.00000 N136

MOVL VL=200.0 PL=0 ACC=0.0 DEC=0 TOOL=0 BASE=0 USE=0 COUNT=0 J1=89.7291967060 J2=77.6804918930 J3=-33.8272848347 J4=91.5462318403 J5=80.7049033319 J6=-13.8857932171 J7=0.0000000000 J8=0.0000000000 Nx=0.1671562219 Ny=0.8328994548 Nz=-0.5275768150 Ox=0.0100178377 Oy=-0.5365127176 Oz=-0.8438327718 Ax=-0.9858795263 Ay=0.1357667191 Az=-0.0980252904 Px=-76.1218746212 Py=279.2884199654 Pz=76.1478558260 E=0.00000 N137

MOVL VL=150.0 PL=0 ACC=0.0 DEC=0 TOOL=0 BASE=0 USE=0 COUNT=0 J1=87.6740158502 J2=129.7397719343 J3=-56.9919821572 J4=86.9406706091 J5=83.2134179968 J6=14.7744789577 J7=0.0000000000 J8=0.0000000000 Nx=0.1618295485 Ny=0.8373693426 Nz=-0.5221338730 Ox=0.0000388794 Oy=-0.5291136031 Oz=-0.8485509964 Ax=-0.9868187249 Ay=0.1373003244 Az=-0.0856587719 Px=-73.2242168163 Py=115.1901968754 Pz=139.9691627930 E=0.00000 N138
```

`TIME T=5000 N139`  

------

<!--机械臂移动到夹走漏斗的位置-->

```
MOVL VL=300.0 PL=2 ACC=0.0 DEC=0 TOOL=0 BASE=0 USE=0 COUNT=0 J1=39.8659200000 J2=100.8105600000 J3=-16.3440000000 J4=0.7689836066 J5=81.1442373770 J6=53.7357600000 J7=0.0000000000 J8=0.0000000000 Nx=0.9700150693 Ny=-0.2419059275 Nz=0.0235007994 Ox=-0.2403656084 Oy=-0.9691446062 Oz=-0.0546178223 Ax=0.0359880479 Ay=0.0473313267 Az=-0.9982307378 Px=177.3903843172 Py=149.4984382050 Pz=176.8371522049 E=0.00000 N140 

MOVL VL=300.0 PL=6 ACC=0.0 DEC=0 TOOL=0 BASE=0 USE=0 COUNT=0 J1=32.5342731719 J2=78.7437360684 J3=4.0470051621 J4=1.1929744702 J5=79.5876504746 J6=46.3178648808 J7=0.0000000000 J8=0.0000000000 Nx=0.9700103966 Ny=-0.2419124335 Nz=0.0236263615 Ox=-0.2403651551 Oy=-0.9691431492 Oz=-0.0546456632 Ax=0.0361167918 Ay=0.0473279073 Az=-0.9982262502 Px=278.3784447158 Py=179.4874759323 Pz=168.8119022459 E=0.00000 N141 

MOVL VL=300.0 PL=6 ACC=0.0 DEC=0 TOOL=0 BASE=0 USE=0 COUNT=0 J1=32.7555451791 J2=75.3177553329 J3=9.4523664584 J4=1.1736516349 J5=81.5620671183 J6=46.5822310632 J7=0.0000000000 J8=0.0000000000 Nx=0.9700103966 Ny=-0.2419124335 Nz=0.0236263615 Ox=-0.2403651551 Oy=-0.9691431492 Oz=-0.0546456632 Ax=0.0361167918 Ay=0.0473279073 Az=-0.9982262502 Px=290.5329563675 Py=188.8080426754 Pz=174.3457209481 E=0.00000 N142 
```

 `TIME T=1000 N143` 

`DOUT Y#(1)=ON N144`  #夹漏斗

`TIME T=1000 N145`

<!--移动到废物箱上方-->

```
MOVL VL=300.0 PL=6 ACC=0.0 DEC=0 TOOL=0 BASE=0 USE=0 COUNT=0 J1=29.1789504397 J2=71.6187731057 J3=38.6789810152 J4=1.6260961939 J5=107.2096159389 J6=40.0813938002 J7=0.0000000000 J8=0.0000000000 Nx=0.9832285639 Ny=-0.1807691764 Nz=0.0241680797 Ox=-0.1792362779 Oy=-0.9822605822 Oz=-0.0551226398 Ax=0.0337038262 Ay=0.0498663573 Az=-0.9981870559 Px=292.6638775078 Py=165.8603623103 Pz=282.0182301235 E=0.00000 N146 

MOVL VL=300.0 PL=0 ACC=0.0 DEC=0 TOOL=0 BASE=0 USE=0 COUNT=0 J1=40.8107711555 J2=92.7699656727 J3=-0.3054645239 J4=0.9005369031 J5=89.1334192165 J6=51.2027653063 J7=0.0000000000 J8=0.0000000000 Nx=0.9832285639 Ny=-0.1807691764 Nz=0.0241680797 Ox=-0.1792362779 Oy=-0.9822605822 Oz=-0.0551226398 Ax=0.0337038262 Ay=0.0498663573 Az=-0.9981870559 Px=200.2799893277 Py=174.5726544024 Pz=217.4955135213 E=0.00000 N147  

MOVL VL=300.0 PL=0 ACC=0.0 DEC=0 TOOL=0 BASE=0 USE=0 COUNT=0 J1=61.3348703783 J2=107.9447980803 J3=-14.0711444035 J4=-0.3238844837 J5=90.4382546958 J6=71.7021119251 J7=0.0000000000 J8=0.0000000000 Nx=0.9832285638 Ny=-0.1807691764 Nz=0.0241680797 Ox=-0.1792362779 Oy=-0.9822605822 Oz=-0.0551226398 Ax=0.0337038262 Ay=0.0498663573 Az=-0.9981870559 Px=95.0392201382 Py=172.9187364179 Pz=211.5018847893 E=0.00000 N148

MOVL VL=300.0 PL=0 ACC=0.0 DEC=0 TOOL=0 BASE=0 USE=0 COUNT=0 J1=62.6726831403 J2=106.3890676057 J3=-39.7526485144 J4=-0.4525166559 J5=63.2102283914 J6=128.4341389998 J7=0.0000000000 J8=0.0000000000 Nx=0.4141185756 Ny=-0.9096790343 Nz=-0.0314620381 Ox=-0.9095987343 Oy=-0.4123074107 Oz=-0.0513102490 Ax=0.0337038262 Ay=0.0498663573 Az=-0.9981870559 Px=89.9774031556 Py=172.9187364212 Pz=90.9213654549 E=0.00000 N149 

MOVJ VJ=60.0 PL=0 ACC=0.0 DEC=0 TOOL=0 BASE=0 USE=0 COUNT=0 J1=36.2224760894 J2=107.8186868048 J3=-41.6991595856 J4=17.2808262518 J5=54.3649788327 J6=93.3934237189 J7=0.0000000000 J8=0.0000000000 Nx=0.4141186496 Ny=-0.8655077137 Nz=-0.2817838561 Ox=-0.9096002708 Oy=-0.3820568667 Oz=-0.1632785899 Ax=0.0336614219 Ay=0.3239273810 Az=-0.9454829245 Px=150.5166958690 Py=133.7450144266 Pz=90.9113036778 E=0.00000 N150 

MOVL VL=300.0 PL=0 ACC=0.0 DEC=0 TOOL=0 BASE=0 USE=0 COUNT=0 J1=32.1835207940 J2=100.0546146823 J3=-45.2877370891 J4=2.1694139100 J5=60.8625309727 J6=95.3870501149 J7=0.0000000000 J8=0.0000000000 Nx=0.4315848817 Ny=-0.9018327902 Nz=-0.0207872175 Ox=-0.8956826614 Oy=-0.4311519366 Oz=0.1089062792 Ax=-0.1071777028 Ay=-0.0283835534 Az=-0.9938346512 Px=157.8098614226 Py=102.3815409540 Pz=48.4159338434 E=0.00000 N151
```

` TIME T=1000 N152`  
` DOUT Y#(1)=OFF N153`  #扔漏斗
` TIME T=1000 N154`  

------

<!--机械臂回到安全位置-->

```
MOVL VL=300.0 PL=0 ACC=0.0 DEC=0 TOOL=0 BASE=0 USE=0 COUNT=0 J1=36.2224760894 J2=107.8186868048 J3=-41.6991595856 J4=17.2808262518 J5=54.3649788327 J6=93.3934237189 J7=0.0000000000 J8=0.0000000000 Nx=0.4141186496 Ny=-0.8655077137 Nz=-0.2817838561 Ox=-0.9096002708 Oy=-0.3820568667 Oz=-0.1632785899 Ax=0.0336614219 Ay=0.3239273810 Az=-0.9454829245 Px=150.5166958690 Py=133.7450144266 Pz=90.9113036778 E=0.00000 N155  
 
MOVL VL=300.0 PL=0 ACC=0.0 DEC=0 TOOL=0 BASE=0 USE=0 COUNT=0 J1=62.6726831401 J2=106.3890676056 J3=-39.7526485143 J4=-0.4525166560 J5=63.2102283913 J6=128.4341389997 J7=0.0000000000 J8=0.0000000000 Nx=0.4141185756 Ny=-0.9096790343 Nz=-0.0314620381 Ox=-0.9095987343 Oy=-0.4123074107 Oz=-0.0513102490 Ax=0.0337038262 Ay=0.0498663573 Az=-0.9981870559 Px=89.9774031562 Py=172.9187364216 Pz=90.9213654548 E=0.00000 N156  
 
MOVJ VJ=60.0 PL=0 ACC=0.0 DEC=0 TOOL=0 BASE=0 USE=0 COUNT=0 J1=61.6642138243 J2=109.6385566783 J3=-19.3580049901 J4=2.1091206839 J5=84.8607565135 J6=101.8852751118 J7=0.0000000000 J8=0.0000000000 Nx=0.7628982968 Ny=-0.6441359247 Nz=-0.0554535771 Ox=-0.6463963799 Oy=-0.7582760947 Oz=-0.0847884679 Ax=0.0125661763 Ay=0.1005299692 Az=-0.9948546710 Px=89.9774031621 Py=172.9187364261 Pz=193.0528968113 E=0.00000 N157  
 
MOVJ VJ=50.0 PL=0 ACC=0.0 DEC=0 TOOL=0 BASE=0 USE=0 COUNT=0 J1=27.7341101205 J2=82.7533198466 J3=-12.6890083110 J4=3.2175936288 J5=68.8217009225 J6=-31.3731098526 J7=0.0000000000 J8=0.0000000000 Nx=0.5303660888 Ny=0.8465453400 Nz=0.0455280043 Ox=0.8477555975 Oy=-0.5292936708 Oz=-0.0340390502 Ax=-0.0047179148 Ay=0.0566497785 Az=-0.9983829645 Px=265.8202323674 Py=144.4024074342 Pz=114.4010784613 E=0.00000 N175 
```

------

`DOUT Y#(7)=ON N176` <!--Y7输出给仪嘉系统，仪嘉系统下降罩子（不确定）-->
`WAIT X#(22)==ON DT=0 CT=0 N177` <!--等待X22，仪嘉系统准备完成-->
`TIME T=1000 N178` 
`DOUT Y#(3)=ON N179` <!--Y3-->
`TIME T=2000 N180` 
`DOUT Y#(3)=OFF N181` 
`TIME T=500 N182` 
`DOUT Y#(7)=OFF N183` <!--罩子停止-->
`TIME T=5000 N184` 
`  RET N185` <!--子程序返回--> 